-0.000000
-0.055826
0.040349
0.413890
0.056902
0.951496
0.832156
-0.475952
0.380286
-2.377479
-0.334957
-4.327920
-0.149451
0.000429
0.154738
0.703478
-1.636939
0.083940
-2.761845
-8.959966
-0.444863
-2.117290
-0.166278
1.115279
1.287176
-0.213700
-8.331793
4.877053
5.135683
-8.251326
-6.368482
0.121530
3.398233
18.716072
-4.091635
-2.751107
2.575456
3.771109
-5.271700
-0.282470
-5.509143
12.852943
-11.903784
0.431869
-20.074333
2.785063
-6.047738
5.227472
3.250539
2.605053
-18.794636
-10.359497
-2.316666
5.852819
-11.210025
2.989555
-10.497398
32.254216
-10.442723
2.848464
19.834301
40.059257
8.434417
-2.001200
-25.567095
-1.992500
-8.436963
-2.144843
18.867188
-1.587532
-5.525976
4.897083
4.338232
0.334859
33.555180
3.075385
0.227753
-10.631388
25.425241
12.086714
32.509403
24.050948
6.402368
17.762528
20.165816
-47.557650
-25.840740
27.479463
-27.537685
19.288122
-20.514464
-5.204683
21.448762
2.749339
1.162439
13.417039
-6.980447
-21.027053
-19.276685
1.727507
2.729319
-3.196818
57.121072
13.916831
45.277530
-5.499506
-22.243351
-6.531669
-21.451614
22.555880
7.035143
23.315792
-47.325248
62.615374
37.210144
-62.002181
-20.074898
-12.302506
-18.255608
1.132586
-10.066889
7.516229
-3.722947
-34.675070
33.700700
-56.290212
-2.088135
4.237837
-14.828603
19.759509
0.210785
-71.382612
63.822876
21.479911
-3.367360
-15.024743
-4.409807
35.699299
-8.644286
4.860082
-4.580859
-27.992372
22.374309
3.419330
-15.400691
28.822194
13.512065
-26.087232
-24.133786
5.030955
1.271565
2.289589
65.292747
28.786049
15.470464
-0.451912
-2.163086
-41.623992
-13.460421
-1.681781
1.808290
2.815047
5.423033
10.793304
-1.342358
45.520606
13.401728
30.964690
8.161280
-21.890841
-13.059719
-82.382683
-75.148876
86.791410
7.557359
59.571010
-0.955069
43.773950
-51.957175
10.205323
34.626467
101.815209
71.723946
-30.162276
-13.723935
53.906929
46.316086
52.758151
-6.275106
-135.489012
-11.147921
-0.544680
-38.233619
-12.175885
15.961210
1.091739
75.709384
21.855839
-1.914032
23.646627
1.749150
-14.151845
-44.336197
-6.960737
0.152897
13.244324
-23.848004
-68.113437
25.713843
-35.004138
32.271802
25.641496
-22.393537
13.819639
-33.855330
-17.679755
107.005949
8.132643
19.244889
3.303178
-80.387653
-34.978056
-0.069634
2.859958
13.422357
-17.355805
64.087057
87.106922
-55.119327
-26.308227
-11.593344
38.407999
34.180744
55.251340
-8.086706
-8.794973
-0.613484
5.027945
-3.056532
-33.616024
-76.848785
33.345575
16.582737
5.404500
-32.877999
-11.230895
-159.134312
-12.156559
-12.977663
-26.319832
-100.278539
13.912976
31.661513
106.395611
16.334313
22.006186
-89.301150
-63.661624
24.093579
-17.439621
7.254839
-12.838725
-0.001075
-5.525347
17.800339
15.365083
-21.008257
-24.689249
168.903334
-126.166450
-87.158620
6.519274
-3.099627
30.308684
-73.794980
70.872200
33.558814
39.814558
11.242568
32.732596
-62.290087
-87.143281
-51.198046
112.444546
-35.800524
-43.725077
76.586364
-71.508962
107.824542
-1.432153
41.868984
63.035261
-95.592251
21.408944
-43.956576
-56.158974
10.496419
-115.218199
-9.524464
-36.231028
43.153089
24.681369
51.768256
-19.380375
-53.222405
109.623640
-13.784834
18.943681
63.511842
-38.675813
-46.952477
-7.601667
1.456552
2.441752
135.039273
-37.473950
-39.452862
-110.491156
15.671722
-35.334581
20.531153
-181.149725
-59.318556
81.382927
-2.260775
-6.770836
-103.449585
-157.934935
-3.160161
25.762257
8.677992
-102.074823
0.910646
114.651304
51.880088
-52.900923
-158.249736
9.147289
-21.594621
-64.500485
4.944531
179.194496
-0.520449
154.961060
89.633240
-61.000480
23.210363
-34.040995
-86.093105
-52.736074
70.313492
-38.913795
12.250604
13.658053
-66.066711
105.463752
278.397676
-245.570635
11.071498
-180.837594
4.354774
24.637289
-10.605391
76.822352
2.514187
-223.039802
15.399835
-45.989358
-21.833419
-2.177122
98.164659
-25.347063
-55.380532
165.843795
11.240100
-168.702083
-22.489200
141.409033
0.984680
1.638577
-12.018237
17.465408
16.171967
-180.995703
-16.242800
-0.664465
-168.804891
122.248219
26.064145
-25.808326
19.650173
-52.798191
24.819225
-28.376601
-0.355168
-77.431757
31.716140
-159.493129
-3.058372
-55.044507
-0.681442
106.942143
-33.889219
33.244669
20.743896
-89.056161
-71.258387
159.063299
-43.382652
-4.972094
-70.578841
22.094623
48.854182
5.576908
89.116548
-23.806188
-48.686364
34.641805
-48.323126
153.627304
-27.677661
-71.585966
-41.706136
-4.161314
-75.632186
145.390146
-77.135923
112.396377
162.883070
-45.428175
23.193475
6.960510
-75.657898
47.157130
97.088981
20.564134
126.168155
-120.624483
268.675498
1.306615
104.743552
199.156917
204.371084
-86.001228
4.749452
1.631237
11.890608
-77.303725
48.800338
-62.335490
-89.688808
276.427138
132.302522
-144.943123
-84.682043
-127.810148
-8.659045
-188.313290
7.490447
-4.582838
-37.565434
3.729391
171.245873
-70.953217
58.851391
-216.773122
-119.122585
149.085371
-73.081213
35.018210
-172.596825
28.500235
-107.356958
264.052219
181.774086
59.728022
48.966347
30.796010
-42.724746
32.060697
15.675322
-68.873104
-267.435332
-3.037492
-22.335818
-8.781493
96.393417
2.082536
-39.007722
-10.571554
53.432706
8.158489
296.257891
219.433895
68.102813
8.910336
-15.175887
61.763921
-59.968754
268.804953
-102.985242
11.915355
-160.861722
79.520290
9.872960
20.122491
-15.575628
209.504038
-167.414760
147.571759
30.706562
-141.260556
-2.333792
-151.208950
-230.932984
-107.016108
-1.678125
150.931759
95.855512
-12.514220
3.583569
-205.588378
203.645750
-2.404818
-58.402779
3.249177
-48.845324
6.157204
-80.626333
4.936499
-5.943790
39.124402
53.538609
-261.902507
-161.590664
0.753845
36.457735
-118.456247
-21.602323
51.793960
-320.854182
-174.168161
9.648464
177.188947
-286.532208
8.656135
1.526300
-221.896704
-6.201449
-174.235363
-9.944059
70.120454
-26.318569
-15.284360
20.051271
-0.622586
-189.182910
-20.845240
-111.795361
233.418072
30.044075
220.887141
9.984197
183.521107
18.047886
160.544831
-27.191027
142.439665
90.520795
-193.459875
-2.905551
31.212461
172.902972
271.376378
9.551026
25.150420
-20.777687
62.297030
7.574022
51.710782
-143.076423
17.357957
-9.841036
-94.788070
-7.266887
-91.374017
51.488980
-130.502198
241.035801
-318.090999
-150.262846
-6.783312
-45.822908
-87.444964
-39.523149
-46.392130
2.111486
-228.919430
-11.361081
-50.793736
389.611385
262.980626
46.034456
4.612278
-38.828831
255.178047
120.983205
66.543114
-7.129161
65.664461
-318.707868
-72.206502
-15.193446
-53.131973
83.654053
-70.752938
58.040846
-8.054295
21.884122
51.785110
74.782971
-207.070068
40.020892
158.428191
267.063367
-230.172032
-17.923245
142.139411
-73.252153
-97.275916
-50.476415
-20.340524
78.538761
-299.067041
-8.833401
-293.507139
-1.372511
-254.054130
289.149204
-3.246781
189.810121
-261.324211
69.784807
-360.765991
-7.768088
-35.894050
165.553384
283.518133
-61.275669
-142.594299
65.427866
53.275926
404.408435
193.934342
-72.883415
-99.681039
-198.969620
-127.067986
-227.813911
166.302164
33.734393
6.085036
429.744652
40.908702
67.444427
122.571302
87.205672
-52.371795
45.845150
-160.441037
150.748897
-131.869437
-165.908503
-15.440147
481.677735
123.448413
-43.095585
46.957108
-259.341162
-99.181112
-393.728988
34.396115
-268.016530
60.947512
152.389473
323.569709
29.239251
95.425951
39.888307
-30.256981
-171.379869
-10.460450
-164.666408
-29.217923
346.174836
-6.016367
37.738680
81.573140
-52.947581
-220.301680
-30.076643
-325.162095
-23.830460
52.886066
-47.663030
-157.245261
152.316577
-271.782894
52.734906
-112.050310
-186.294473
-23.570001
-282.428646
13.410222
36.006776
243.407796
28.506404
-18.681258
85.595233
-21.888809
193.603526
23.513371
-14.898163
3.247757
-123.626823
-28.716951
21.546710
0.859731
-2.945237
180.320653
175.514389
90.573708
158.278933
-38.555438
44.581697
109.927925
164.742588
-334.393344
47.530519
-3.118326
-187.504357
-324.679506
117.447643
225.593574
16.805185
-71.718944
99.651947
-15.334592
-1.255817
-450.343962
-6.860149
5.303489
46.237328
78.766522
-52.475171
-14.852513
-271.255600
42.851227
-199.322504
21.383438
39.948179
84.707738
425.489590
293.169943
-18.716346
-95.095561
-69.419215
-443.021986
106.466304
-84.214258
-135.874297
299.890526
251.242174
-31.235903
-12.992230
6.966466
-76.666619
287.143889
-436.260998
-130.954591
2.644766
-59.426297
-48.620772
45.359099
313.343942
122.245756
-88.854797
12.632822
8.096565
6.542119
124.096895
5.053246
133.070201
68.234987
-165.356572
153.291047
71.294491
26.227670
-52.570666
-12.029842
-13.565911
469.819363
46.548531
-38.326799
-359.230966
-35.446863
-1.340641
-56.641027
-147.444694
116.248494
104.120390
-4.056611
-57.359036
-140.469586
-29.881311
150.055512
201.751010
-86.611338
80.142353
278.766499
66.709558
-53.509013
-93.985735
-68.165192
-74.061750
111.555154
-399.188672
-46.176148
140.289398
123.797679
41.464718
21.463887
97.286065
-26.653063
341.720836
72.791513
-138.482431
78.725624
1.023444
-192.768153
-86.948662
-39.742336
28.617698
34.015771
68.053891
6.363342
-32.332533
-273.142290
-106.219136
-8.337121
43.994917
-22.878996
206.539580
-71.899774
7.748657
-293.223500
-345.509861
140.001350
139.150110
-44.770920
-55.842336
-51.117918
116.807854
34.450904
-34.728074
-81.047665
308.822530
2.702490
33.484963
-78.430181
-19.348709
73.855086
-143.209236
-488.782416
339.032621
209.853031
92.398082
-259.391767
-25.541654
161.481516
6.980240
-4.748345
204.550095
-197.238404
63.348303
-54.070803
-33.125516
55.597219
-99.522693
323.493312
5.149943
601.694199
-4.406136
-368.690563
154.501697
339.544648
394.461297
12.810967
-545.506838
79.531607
-63.680691
-50.132828
-208.879236
252.542845
145.437037
176.817255
-267.486010
-135.141142
358.034463
-174.767972
51.348597
84.944773
-98.851845
-3.940920
-26.197331
7.894242
-3.281752
222.001100
-185.293551
254.085108
11.879146
97.336726
-305.863788
-232.652398
39.591744
-88.241682
421.027184
-106.320470
209.638761
73.260245
-252.396495
30.154047
-267.744260
30.406487
-20.543034
430.636867
310.802528
-1.591939
-178.032331
-99.743783
160.185989
-517.103038
-257.464227
595.081821
250.866142
-163.456908
-262.567606
-0.796715
-210.666928
82.629521
7.475850
-116.873791
-226.871854
-278.712289
-1.523476
-269.240457
-306.175240
-116.982140
-182.241364
279.954946
-435.763008
-122.025933
-137.162209
-339.784727
13.283495
68.329696
32.981863
91.454668
-60.476065
-196.839515
-162.936813
-152.395699
-200.160965
130.852314
541.400039
247.950340
77.841283
24.505022
5.605855
-342.959652
298.673337
-123.383496
263.241449
-368.188330
-111.092907
-110.613793
138.859640
229.812700
-86.360767
218.700854
-88.234060
142.414439
-283.214253
416.324250
139.136042
91.811169
5.298379
20.281400
-41.715196
-81.325606
-131.684941
3.683187
10.790988
-134.863349
475.211079
160.634852
47.700252
-700.290257
274.988064
-437.084964
316.740619
135.640867
119.695077
153.612507
-329.864845
-157.310400
6.733104
583.680847
-68.651329
-444.645897
175.593880
60.779273
101.574221
262.044071
