-0.000000
-0.013994
-0.050138
-0.314238
0.014387
0.835110
0.743764
1.279216
0.067722
-0.829826
-0.604504
-0.465644
-0.348241
-0.002025
0.100473
0.286742
-1.201251
-0.620314
-9.028642
-28.337753
-1.990022
-12.880535
1.203018
-0.907823
5.917586
1.768347
-27.552612
60.946324
-35.030419
5.758905
-13.405631
-1.365511
4.502305
-110.700256
12.002531
11.607226
30.130290
25.719265
32.188667
-2.872917
-46.025139
-105.065646
107.671130
-3.055458
487.217141
-31.796380
33.608761
-104.826194
25.493012
-0.113601
12.220422
46.008840
-40.004119
3.284583
54.803525
0.374437
-201.606269
-689.643690
-321.625672
0.408544
-84.750060
-264.875572
185.003583
19.997875
-172.821873
51.064757
49.217452
-5.762375
421.375819
-9.567780
58.415009
0.692253
-30.603424
-3.638967
-77.184783
-70.006419
0.833069
237.104139
-417.611679
78.333981
1300.009355
-478.924830
122.668056
-14.406572
21.998641
881.135085
-229.126104
367.866494
881.699904
-149.599426
112.127596
-23.312033
-294.492114
-1.699039
-16.109816
247.670780
-160.212683
-311.138935
124.387727
49.944162
-1.971696
-111.287581
-249.461564
763.838715
214.950966
-19.264350
1126.647696
-199.943098
-469.776934
-749.746703
201.594043
-229.087815
-114.419912
179.281216
941.945060
649.737889
308.194689
-160.892228
-171.332260
27.202635
36.224711
-53.705266
303.261335
456.563318
-66.338216
-879.773042
14.692926
-117.470911
416.662641
25.952500
2.025309
-2081.690009
-2130.776018
-545.059353
15.509750
-1024.662910
-14.194849
-1133.346952
-257.775195
-25.076557
-186.391130
-7.381470
-2107.763778
87.401455
605.388515
-16.676160
153.892412
613.110200
1215.949141
59.334591
-12.489808
5.067865
-78.624291
-453.940503
220.519312
-6.939353
81.679736
-851.562420
749.578718
22.074975
39.437316
338.205592
124.592945
117.511872
13.955671
-110.003902
-581.926470
-346.931781
-322.598008
79.798328
523.908159
-2418.162015
1633.029354
608.203126
100.749697
363.480376
12.771934
980.920789
-2272.826245
11.125192
-952.838494
-10389.342911
-2089.077603
-285.003398
-821.475566
-3250.289402
1389.885218
438.505001
-39.166471
-1412.288162
111.050734
40.039148
-0.539981
-51.292012
181.142531
39.883961
640.054648
1756.944504
-86.670441
-198.830420
81.769043
-331.114831
-1363.705251
779.681774
-9.993718
238.362733
-362.732619
691.406419
-2673.425069
40.968082
1751.458109
719.152913
-439.904166
-135.133376
2042.374922
554.224550
-1329.288010
6.420061
-847.988913
47.194685
-5067.764127
556.809338
-8.260802
-25.185999
-480.210931
-1118.357315
45.493578
3126.345267
504.363092
-234.272819
-466.279878
2661.928456
1065.227592
-1780.942641
-74.551073
123.706176
-2.555814
-80.180307
-463.493652
2967.842144
-1223.553832
3939.068365
454.757296
-798.710640
2280.607045
-83.008356
609.842256
-971.889059
226.392787
1306.622306
2326.917178
-473.611130
3401.277323
-3139.480453
-520.504748
-28.451307
6729.941036
-895.642219
316.417445
766.621025
-10.729558
163.201201
-0.001270
720.812707
74.224430
383.879604
-270.836604
-437.834421
-93.390861
-6076.162029
1154.176391
-228.799239
-12.233922
3153.510511
4759.721612
4196.935986
-974.188084
-1316.849958
-77.473598
-1266.250413
-3313.257309
6718.774501
1850.241159
6164.500248
-1312.881742
692.147934
-3795.814769
11279.901166
4128.923904
2.543958
3763.801361
-1306.899780
2025.674233
-102.288615
-102.364456
-164.686711
-1151.014251
411.837130
349.489097
-205.845170
-7.637870
-1504.937404
-5240.038713
811.142465
-836.732680
3866.650481
-682.031251
-1257.172693
4312.705563
849.675029
-6145.737602
184.469954
-19.864450
-137.870180
-537.318692
-2722.744109
3702.436725
1268.043347
857.192858
-269.954969
203.961052
26498.634690
2394.669808
-11581.164713
-333.110159
-112.077278
-5455.135623
269.180206
-96.781729
1380.518401
54.018688
-7252.589740
8.197988
-1899.604976
-2001.224868
-6378.086602
17587.084944
-172.299653
187.865572
2472.174664
-21.687604
5053.141691
-48.538778
-9908.298751
898.677224
5726.882770
1483.612958
-598.670273
1763.475277
-6299.698117
-4668.531179
-2787.462055
1199.529486
99.523070
-16993.140694
17968.066798
7529.543235
6110.804425
1387.461837
-48465.353366
-101.916436
-5551.347313
1391.509624
-11308.005305
169.341333
20690.811674
-3328.669332
3025.569745
1866.863846
327.872016
354.545063
857.653052
-14418.038511
8728.950512
56.297035
-9071.694580
540.358341
7344.977135
4.927553
39.810259
-596.224155
2084.533077
1954.782348
4224.436153
3128.270009
-3.190425
1159.236770
-3144.477334
729.437506
2669.199399
-74.602102
1707.975537
-6627.538060
1239.734696
10.931517
-1069.685066
-164.790636
-14585.188804
-97.665482
15012.405070
7.400299
-854.634590
-869.746993
-4146.450717
186.655170
6945.875755
10871.632567
-13486.478343
713.472936
-104.461319
-24823.794167
1483.075442
-3922.834710
-933.666674
-16007.629166
-2790.691740
483.899122
-3658.511056
-5950.862529
-1473.548405
-2725.892920
3107.416630
154.125959
690.509486
4680.109045
-6831.649024
73.090727
7895.595960
-30460.386817
-1306.613430
1909.116504
175.765662
-12618.571823
-331.138732
-7838.642137
3143.936560
18579.692931
7339.425148
42500.653363
-109.668912
6166.728961
18162.142097
-441.196739
160.687713
-163.073652
79.175289
427.160531
-15631.636957
2226.916037
-3475.212975
-809.003619
-14478.197162
1522.272032
30830.147668
15783.433123
3516.449547
151.429957
18758.539816
-0.798313
585.135467
7103.126901
739.398631
-18728.158818
-5602.188431
-5039.615204
15597.422135
-12158.568954
2925.734506
5615.105719
-4702.080979
-14329.120068
160.594557
-5637.464023
-8640.126539
-2858.707461
11437.616437
1640.560809
-15.592812
-7108.650282
-2524.398969
1747.556321
3709.543262
12006.670468
439.255185
-2799.430817
-1441.764792
-3347.889848
3.537569
-338.504132
-744.903248
10275.372755
2.413134
21339.168148
-2948.934198
-4400.266486
1349.845621
571.480093
-5683.034078
2552.637091
-17905.769557
38480.664889
507.766451
8601.772130
-16850.037078
-25.613280
-115.650564
1995.432971
50434.607422
10335.877054
1411.655358
-2274.077349
-11650.757707
-609.873229
4398.739954
25792.870999
7246.816806
304.497572
-25079.141723
-14704.209548
1449.015524
44.281790
-4513.736601
4406.290915
-32.103732
1823.759920
-48.459713
2028.260276
-225.121688
11687.858958
245.499746
-992.317020
2109.977055
-614.742778
7.897086
-7596.168123
136.301228
-31.121392
-166.852308
1022.788994
-5087.795790
-14605.314655
-33181.842364
-584.191726
-30778.685063
-11623.738229
41.309393
282.763195
-64923.168805
200.236237
-17300.411449
2006.400267
671.220695
-144.658128
1640.011047
-1184.429747
-67.762346
85.650212
-2117.143116
9556.008745
-86817.864024
3657.417501
13779.334071
-1430.207196
2267.555768
1541.187480
-9694.096246
-666.198141
13424.729277
-3881.326094
-25701.764186
288.821778
8836.462535
-23927.345925
-19332.348390
1284.088108
-4027.467302
-59.211075
5499.307676
554.400367
-1377.428996
5947.487388
-1432.777278
-543.051146
7747.985060
618.006751
24290.709981
6483.866973
-8663.426557
-39994.562433
37324.653302
607.729176
716.296958
710.365255
-2032.515033
-4887.807035
5251.477788
-106.256817
-1717.512519
1461.150097
1738.823392
-6677.805188
11605.756824
1594.721842
-183.287451
742.193499
-20151.390312
-369.180700
1386.743674
-1678.407686
-69.348347
2846.407923
2497.651376
217.177401
9830.033511
-2316.385326
-3848.273474
1387.583856
234.117099
-1701.183346
1379.368651
12525.330458
-12174.257385
-2841.485320
25686.500780
-26816.146534
680.143842
443.464084
4441.730845
14861.636668
-2370.320900
1188.626194
-930.664028
10071.503406
41531.216475
227.959402
8731.244241
42.214701
25628.164121
9488.443036
-235.660174
-11085.544500
5889.634904
-4049.306430
-16188.246049
-948.330549
369.465610
-6317.073636
-52567.173054
28.345286
-4346.917243
1989.897957
8581.998923
46141.320427
22087.914120
-4256.745531
-2857.122130
-8734.169079
-22966.801613
19713.042838
-1029.653120
-2858.889328
2121.368852
-170162.075627
-5846.908218
-26787.243097
10980.100417
2942.716446
358.715190
-10988.901705
-41340.678860
-4521.547483
6042.860316
-51650.689369
1929.867617
59321.953821
-4211.840718
986.498458
5286.343555
-92565.679374
9581.831242
19201.525500
1563.758986
-18153.045987
-11156.223170
69871.455172
-7361.169157
1985.134679
8165.334788
3320.928340
-49.096772
-36636.799450
146.777707
44585.574350
-6395.656196
-190322.466455
758.214299
-10024.108367
-8.998731
-5517.273219
-7575.390197
688.098157
-18564.451616
690.536206
-1161.923191
5545.384655
-8576.163378
33179.043948
406.251035
-6421.782056
-32793.593676
-3779.401667
1011.555603
-78194.622361
327.002651
16113.184495
-20533.638483
2166.305547
-508.699793
4455.769709
7212.751542
-13338.792597
1989.531341
2864.469616
200.863449
-17707.254349
6369.564522
-125.680251
20.780676
23.795617
8153.381711
54453.581962
24830.411538
49280.439598
-10129.702358
178.772785
5736.798042
-39133.769131
1706.552923
-1633.538281
157.544265
-6549.501239
-16468.454515
-1249.190787
-3803.254179
-451.589230
12034.336759
3913.836126
-1929.677069
115.801893
177949.494168
1029.243685
285.548217
115.413240
-4457.913850
-1026.998385
2739.117962
1062.197220
-551.127528
-39056.055184
709.153350
264.170937
19552.446496
2995.466617
-89113.335474
6.339005
-31781.827343
1243.506742
-41232.626268
2054.356967
26540.440272
-8831.707530
61080.098619
-25397.449945
2113.421951
821.503239
-279.256145
-5632.003785
-12271.047240
3068.935754
-3904.640327
-1291.157213
6443.809004
-8012.053817
486.137759
-52431.484057
28728.200767
2600.491044
3987.008514
-1930.907712
-1464.454332
-18836.789615
77.572520
-15394.522265
-8643.818873
2983.790847
25317.484201
-8479.695825
416.146940
10691.974186
-327.301184
1100.196342
-71784.535017
3654.762672
10643.935639
-58571.776084
5905.801596
-35.074228
12942.854869
38290.301841
16280.867949
-44.300992
-180.113032
25325.192064
625.508256
-1790.946552
32549.922220
19816.169574
-2981.950622
21525.608365
17233.298475
7100.113410
-637.350960
-59.491654
-10935.090211
-44552.899725
-20772.898481
521.670257
-2424.092359
-17041.734259
-13394.091327
6030.748640
-106.649045
-45138.175165
-5702.478679
96433.875162
695.986620
-12672.379107
-7225.039019
-36.794323
19606.485209
-9883.131906
-18313.343939
2968.795140
11154.374879
68.318576
-1029.683631
-3197.992332
-40025.724988
-16704.373470
-2550.149085
323.402184
-3162.997209
52893.470877
2654.273372
233.742702
29491.586767
-57972.861802
138.791356
-9604.721722
-401.469997
-9288.753304
5139.102193
32625.884781
-2785.929317
10569.686676
-963.710805
-99601.237957
308.734058
474.285369
1667.424858
-1615.721016
5332.979289
56549.534294
27624.816363
-38768.079144
-13158.730185
-6994.139372
278.343218
-10583.242565
90776.395922
1556.594994
670.465250
-65132.567829
-4443.790907
-42427.597564
27579.609372
519.507946
24144.650856
47056.252143
-394.900183
1292.008290
-29842.915367
-901.585392
-7517.883783
83.102033
7529.381336
-30770.180025
3381.812675
80742.959286
11945.853826
16167.218301
-12603.611246
-31859.234735
25789.648419
933.288028
-12187.795390
-35095.779748
4735.732887
-57914.283911
-5038.709521
5201.922030
16458.118027
-61801.342166
-122.196704
-283.092594
-339.058362
-286.388836
-22975.921224
-2851.711805
5760.846631
-56.751221
-5067.621427
67002.819412
-46724.296156
-3742.490044
25253.148097
24895.584684
-46216.169404
-23527.894762
-16714.440645
40720.827422
8127.138558
53767.785701
2117.069110
6762.172281
-161760.013297
2662.882431
-5.934570
4212.492503
-6588.817122
-38206.707578
82628.922589
72651.682640
-95914.973804
-84330.097708
37705.652224
13671.531894
-7.327672
-23808.035774
43565.455442
1030.014482
-21919.247843
-19823.676065
-3249.681376
37.447029
-39904.641951
-71249.448744
-3211.432193
9633.572342
37601.937781
-10373.456881
-14644.760592
-32571.475578
-26870.684006
-7667.619115
-3.925920
-2317.237896
12747.446604
9463.505680
858.001216
2480.080200
-21352.224144
-95983.326191
2577.908448
-114919.148785
162445.014034
-27594.788195
-1173.484442
920.784596
-10654.034042
-19501.814926
-12791.793245
119842.496427
-107318.148950
-45433.042474
736.734518
1948.135633
3729.755454
-54011.776269
-1765.145222
-28426.553851
11961.932442
-18497.079794
17583.498193
-32300.413633
54687.746425
113.075717
-3566.270644
-901.497421
1855.979537
-8504.362544
-51.978781
-490.122797
-6051.121405
58355.159772
32483.666396
1466.964269
-38544.760546
-9393.893355
21204.571758
4616.163398
17560.470840
-4429.817749
9401.966126
198747.489867
8811.964094
-1052.782447
17236.533995
-6722.905517
-230875.288361
34258.025061
-1889.428415
1769.839689
-111709.869989
