0.000357
0.000580
0.000815
0.001052
0.001292
0.001534
0.001779
0.002027
0.002276
0.002462
0.002710
0.002961
0.003214
0.003469
0.003587
0.003838
0.004092
0.004349
0.004607
0.004869
0.005133
0.005194
0.005453
0.005715
0.005980
0.006247
0.006517
0.006789
0.007063
0.007059
0.007340
0.007613
0.007889
0.008167
0.008448
0.008732
0.008671
0.008950
0.009231
0.009515
0.009804
0.010093
0.010384
0.010679
0.010554
0.010844
0.011136
0.011431
0.011729
0.012029
0.012377
0.012195
0.012495
0.012797
0.013101
0.013408
0.013718
0.014030
0.013791
0.014101
0.014412
0.014725
0.015041
0.015359
0.015680
0.016003
0.015700
0.016019
0.016341
0.016665
0.017016
0.017346
0.017678
0.017317
0.017645
0.017977
0.018310
0.018646
0.018985
0.019326
0.018911
0.019248
0.019587
0.019930
0.020274
0.020622
0.020972
0.021325
0.020842
0.021190
0.021786
0.022143
0.022502
0.021977
0.022332
0.022690
0.023050
0.023413
0.023779
0.024147
0.024522
0.023932
0.024299
0.024668
0.025040
0.025415
0.025793
0.026172
0.025525
0.025900
0.026316
0.026698
0.027082
0.027469
0.027858
0.028251
0.027538
0.027926
0.028317
0.028710
0.029111
0.029510
0.029912
0.029141
0.029538
0.029938
0.030341
0.030747
0.031155
0.031566
0.031980
0.031493
0.031905
0.032320
0.032738
0.033158
0.032280
0.032696
0.033115
0.033537
0.033961
0.034395
0.034825
0.035258
0.034312
0.034741
0.035173
0.035607
0.036044
0.036484
0.036927
0.035974
0.036412
0.036854
0.037298
0.037745
0.038196
0.038649
0.037585
0.038034
0.038485
0.038946
0.039403
0.039863
0.040326
0.040791
0.039661
0.040123
0.040587
0.041054
0.041524
0.040818
0.041287
0.041758
0.042232
0.042709
0.043190
0.043673
0.044159
0.042918
0.043399
0.043892
0.044379
0.044869
0.045363
0.045859
0.044557
0.045050
0.045545
0.046043
0.046543
0.047047
0.047620
0.046257
0.046760
0.047266
0.047774
0.048287
0.048802
0.049319
0.049840
0.048408
0.048933
0.049453
0.049975
0.050500
0.051029
0.051561
0.050068
0.051334
0.051868
0.052405
0.052946
0.051409
0.051944
0.052483
0.053025
0.053579
0.054127
0.054678
0.055232
0.053625
0.054176
0.054729
0.055285
0.055844
0.056406
0.057051
0.055381
0.055942
0.056507
0.057074
0.057646
0.058220
0.058797
0.059377
0.057637
0.058223
0.058802
0.059384
0.059969
0.060557
0.061150
0.059346
0.059933
0.060524
0.061118
0.062412
0.060562
0.061157
0.061756
0.062358
0.062965
0.063573
0.064185
0.064800
0.062878
0.063500
0.064113
0.064731
0.065351
0.065975
0.066603
0.064616
0.065238
0.065864
0.066494
0.067126
0.067858
0.068497
0.069140
0.067080
0.067718
0.068361
0.069007
0.069656
0.070308
0.070963
0.068848
0.069499
0.070154
0.070811
0.071473
0.072139
0.072807
0.073479
0.071276
0.071943
0.073425
0.074102
0.074783
0.072532
0.073208
0.073890
0.074573
0.075260
0.075950
0.076643
0.077354
0.075027
0.075720
0.076416
0.077116
0.077821
0.078528
0.079239
0.076843
0.077549
0.078371
0.079084
0.079801
0.080522
0.081247
0.078784
0.079504
0.080227
0.080955
0.081685
0.082434
0.083173
0.083915
0.081371
0.082109
0.082852
0.083596
0.084345
0.085097
0.085853
0.083239
0.084957
0.085716
0.086478
0.087245
0.088015
0.085342
0.086108
0.086877
0.087650
0.088427
0.089223
0.090008
0.087261
0.088041
0.088825
0.089614
0.090406
0.091202
0.092001
0.092804
0.090105
0.090904
0.091708
0.092515
0.093326
0.094143
0.094962
0.092059
0.092873
0.093691
0.094530
0.095357
0.096187
0.097022
0.097860
0.094876
0.095710
0.096547
0.097390
0.098236
0.099453
0.096401
0.097248
0.098098
0.098953
0.099815
0.100678
0.101546
0.102417
0.099279
0.100163
0.101035
0.101910
0.102790
0.103674
0.104565
0.105457
0.102231
0.103119
0.104011
0.105056
0.105957
0.106863
0.107773
0.104468
0.105376
0.106285
0.107199
0.108118
0.109040
0.109987
0.106602
0.107524
0.108451
0.109382
0.110321
0.111261
0.112206
0.113156
0.109679
0.111893
0.112846
0.113804
0.114767
0.111231
0.112191
0.113153
0.114120
0.115092
0.116068
0.117049
0.118055
0.114426
0.115407
0.116392
0.117382
0.118380
0.119380
0.120385
0.116670
0.117670
0.118844
0.119854
0.120869
0.121888
0.122913
0.119115
0.120135
0.121159
0.122189
0.123223
0.124284
0.125329
0.126379
0.122480
0.123525
0.124577
0.125631
0.126691
0.127756
0.128826
0.126254
0.127323
0.128398
0.129477
0.130562
0.131655
0.127592
0.128677
0.129767
0.130863
0.131987
0.133093
0.134204
0.130050
0.131156
0.132270
0.133387
0.134510
0.135638
0.136771
0.138103
0.133844
0.134978
0.136118
0.137263
0.138417
0.139574
0.140736
0.136382
0.137539
0.138702
0.139895
0.141069
0.142249
0.143435
0.144626
0.140166
0.141352
0.142544
0.143742
0.144946
0.142048
0.143251
0.144461
0.145676
0.146897
0.148127
0.149360
0.150600
0.145954
0.147187
0.148453
0.149699
0.150952
0.152210
0.153475
0.148730
0.149989
0.151254
0.152526
0.153804
60.120417
0.153697
0.154986
0.156282
0.157585
0.158893
0.153985
0.155288
0.156597
0.157914
0.159236
0.160594
0.161930
0.156911
0.158241
0.159578
0.160926
0.162276
0.163634
0.164998
0.166370
0.163089
0.164460
0.165838
0.167223
0.168616
0.163397
0.164782
0.166176
0.167576
0.168984
0.170429
0.171851
0.173280
0.167930
0.169353
0.170784
0.172226
0.173671
0.175125
0.176585
0.171117
0.172820
0.174283
0.175753
0.177231
0.178717
0.180214
0.181715
0.176115
0.177610
0.179112
0.180655
0.182174
0.183701
0.185236
0.179512
0.181044
0.182580
0.184126
0.185678
0.187239
0.183475
0.185036
0.186606
0.188184
0.189770
0.191369
0.192972
0.187015
0.188612
0.190217
0.191865
0.193488
0.195120
0.196760
0.198410
0.192310
0.193952
0.195604
0.197265
0.198934
0.200895
0.202583
0.196345
0.198027
0.199719
0.201424
0.203133
0.204853
0.206582
0.200205
0.201963
0.203695
0.205436
0.207188
0.208948
0.210719
0.212504
0.205968
0.207742
0.209525
0.211319
0.215531
0.208890
0.210695
0.212510
0.214335
0.216175
0.218020
0.219877
0.221744
0.214936
0.216835
0.218705
0.220587
0.222479
0.224382
0.226301
0.219340
0.221247
0.223165
0.225094
0.227356
0.229308
0.231272
0.224154
0.226111
0.228084
0.230064
0.232056
0.234059
0.236075
0.238143
0.230842
0.232862
0.234894
0.236939
0.239000
0.241069
0.243150
0.245244
0.237754
0.240749
0.242851
0.244966
0.247094
0.249234
0.241599
0.243732
0.245879
0.248038
0.250211
0.252441
0.254641
0.256855
0.249014
0.251219
0.253445
0.255678
0.257925
0.260188
0.262463
0.254805
0.257074
0.259358
0.261657
0.263969
0.266303
0.268645
0.271002
0.262763
0.265113
0.267525
0.269906
0.272301
0.274713
0.277140
0.268707
0.271127
0.273562
0.276013
0.278481
0.284128
0.275518
0.278006
0.280510
0.283031
0.285568
0.288128
0.290700
0.281879
0.284443
0.287024
0.289674
0.292290
0.294925
0.297577
0.300247
0.291188
0.293850
0.296532
0.299232
0.301950
0.305114
0.307872
0.298580
0.301330
0.304100
0.306895
0.309704
0.312533
0.315382
0.305852
0.308748
0.311610
0.314492
0.317396
0.320320
0.323272
0.326239
0.316433
0.319393
0.322374
0.328998
0.332037
0.322048
0.325081
0.328136
0.331220
0.334321
0.337444
0.340592
0.343763
0.333539
0.336703
0.339891
0.343104
0.346342
0.349611
0.352899
0.342337
0.345618
0.348924
0.352757
0.356118
0.359504
0.362918
0.366359
0.355476
0.358917
0.362379
0.365869
0.369386
0.372932
0.376572
0.365386
0.368955
0.372553
0.376180
0.379846
0.383534
0.387253
0.391003
0.379462
0.387600
0.391395
0.395224
0.399084
0.387306
0.391170
0.395058
0.398980
0.402935
0.406925
0.411021
0.398899
0.402919
0.406976
0.411068
0.415205
0.419370
0.423572
0.427814
0.415288
0.420127
0.424406
0.428723
0.433081
0.437478
0.441926
0.429020
0.433456
0.437934
0.442453
0.447094
0.451700
0.456350
0.461046
0.447693
0.452396
0.457135
0.461920
0.473448
0.459801
0.464678
0.469593
0.474556
0.479572
0.484636
0.489837
0.475748
0.480866
0.486038
0.491261
0.496550
0.501883
0.507272
0.512719
0.498111
0.504282
0.509794
0.515366
0.520998
0.526691
0.532457
0.517357
0.523118
0.528945
0.534835
0.540791
0.546910
0.553001
0.537378
0.543480
0.549652
0.555907
0.562223
0.568614
0.575079
0.581620
0.571903
0.578500
0.585177
0.591933
0.598772
0.582119
0.588977
0.595920
0.602949
0.610065
0.617380
0.624678
0.632071
0.614715
0.622132
0.629659
0.637271
0.644983
0.652798
0.660717
0.643624
0.651582
0.659648
0.667826
0.676115
0.684534
0.693056
0.674329
0.682896
0.691582
0.700518
0.709457
0.718526
0.727730
0.737068
0.717520
0.726916
0.736454
0.746138
0.755970
0.744205
0.754170
0.764291
0.774574
0.785018
0.795648
0.806431
0.817391
0.796310
0.807361
0.818597
0.830169
0.841790
0.853611
0.865635
0.843638
0.855798
0.868154
0.880734
0.893538
0.906576
0.921143
0.934678
0.911627
0.925322
0.939278
0.953523
0.968024
0.982812
0.997890
0.973803
0.989267
1.004866
1.020790
1.037043
1.053639
1.070610
1.087924
1.062661
1.080264
1.098255
1.129332
1.148291
1.122233
1.141547
1.161312
1.181573
1.202297
1.223525
1.245280
1.267576
1.240550
1.263350
1.286741
1.310752
1.335399
1.360741
1.386746
1.358446
1.385148
1.412610
1.442917
1.472034
1.502020
1.532917
1.503760
1.535638
1.568563
1.602513
1.637580
1.673811
1.711269
1.750322
1.720817
1.761116
1.802875
1.846178
1.891156
1.937821
1.986319
1.957338
2.015846
2.068985
2.124384
2.182195
2.242568
2.305733
2.279396
2.346382
2.416641
2.490405
2.568403
2.650037
2.736083
2.826912
2.809359
2.907732
3.011996
3.122775
3.240705
3.366486
3.505832
3.508052
3.657692
3.818847
3.992881
4.181412
4.386428
4.609977
4.854822
4.925262
5.212440
5.532507
5.889178
6.290441
6.745181
7.264871
7.558658
8.232726
9.029363
9.985286
11.153624
12.258700
14.085576
16.521429
19.931539
25.046676
33.572582
50.623228
101.775256
Inf
NaN
