_C_79b1142b_0 8c 0 70 0 0 2e747874 0 5f6c6f67 0 74707574 0 6f75 
_C_ce602389_0 8c 0 8 0 0 77 
_C_bb9f30ff_0 9c 0 20 0 40901800 
_C_dbac0995_0 8c 0 88 0 0 2e747874 0 616c5f52 0 6563696d 0 65786164 0 48 
_C_224c4c75_0 8c 0 88 0 0 2e747874 0 616c5f41 0 6563696d 0 65786164 0 48 
_C_9c7fbd1a_0 8c 0 88 0 0 2e747874 0 616c5f42 0 6563696d 0 65786164 0 48 
_C_7ee3f320_0 8c 0 18 0 0 25680a 
_C_577775aa_0 80 0 1 0 1 
_C_59371a25_0 84 0 2 0 0 0 
_C_83275d78_0 8c 0 b0 0 0 2e747874 0 78464c4d 0 696c696e 0 61646f58 0 73756c74 0 5265 
