-0.000000
-0.002482
-0.001528
0.969922
0.197759
-1.526777
0.023873
0.049076
-1.940568
4.954735
-1.273725
-3.403365
3.937824
-0.009376
-1.606006
1.339931
2.457124
45.120196
-29.800782
7.696082
-58.107616
-8.515714
-5.878499
-2.243993
-5.833399
-30.414885
-1.513095
0.464210
23.548786
0.527963
-3.977919
-55.545551
-0.849194
-2.830591
17.989292
133.053861
-20.967910
-79.676276
0.272006
92.077458
-47.879424
-23.268970
0.168778
77.242400
7.800966
-6.820892
-0.497725
-45.933149
-1.301856
36.145465
59.255530
-69.333199
28.617293
-13.870193
9.809409
-25.234074
-0.133416
-21.953501
-338.883028
-110.600187
207.596356
396.647110
-54.552097
-9.854413
-110.764073
-48.461073
368.062481
-0.059105
11.360990
-22.103681
-67.033808
-110.293055
-194.258749
-182.011833
46.276318
14.286316
58.596756
139.969747
-254.841181
8.359883
170.506572
159.404879
14.118440
94.602283
-266.474417
-2090.134854
-174.246436
348.752244
-4.909760
-51.353530
-295.126292
420.031433
-59.063976
-274.234300
-69.381024
-28.440676
-11.659793
91.050886
93.829113
428.845854
100.347629
427.465843
33.904704
0.157410
288.425194
-907.500634
-391.783241
-80.321418
-0.390539
473.689756
465.810397
-300.727416
-507.692563
73.424303
-804.977990
237.467923
255.616934
-152.716025
-201.964654
-47.739896
274.660964
-910.912397
98.717504
696.896589
-76.863656
-85.659415
765.142997
1600.994962
-409.387639
-1301.926993
3.891108
725.549114
-75.911454
-78.122752
-188.050342
-162.275361
816.183231
500.316946
782.709759
-28.248085
34.967601
-1024.306279
-85.265293
-1748.929495
1342.756822
80.399592
40.244299
129.522558
164.080131
1234.836736
-3.502675
3.451785
1519.421212
0.847770
-113.638759
-13.981780
7264.210516
-998.059791
-471.523312
-2.458667
-787.344647
929.322833
-2223.322989
-622.624226
-31.753723
2128.152527
4080.136531
258.651997
-747.226781
-410.849371
-231.367242
1118.063387
26.634555
741.748125
-124.020217
-65.745551
62.868536
1038.819857
-449.597714
86.658378
1009.698492
-3020.589918
-1588.599367
-64.919795
-3337.000481
724.423276
-453.027371
153.326967
-1034.691914
-2872.105108
-315.340648
3210.470507
231.047707
-576.890190
-3.884728
32.351290
244.529667
23.551656
-2223.620285
191.381491
-34.392821
1475.968655
37.096138
-777.734256
-297.255181
-202.169142
-1026.308550
189.047092
2812.709903
-1412.120026
2.518176
7.944370
2578.648863
-5.374732
0.263403
-58.868161
-1.001747
-40.176608
-3274.782675
-87.388263
2049.021399
46.519094
2270.313511
2212.459603
689.547720
-1840.802387
4.751204
-373.569269
869.966255
186.890385
-1646.877553
277.355686
-206.038326
-435.772913
1325.654356
6299.754766
559.281557
-219.267703
1957.621576
2.531531
175.704120
427.389763
-966.296623
-45.447208
8419.571907
-217.962353
-835.651770
-15813.195404
-938.668200
8129.564830
14.860768
410.409129
3516.133246
63.846355
1365.773471
96.194449
-398.824162
-424.336971
-3793.291379
1956.192628
151.889937
-161.307465
-213.997485
1195.254853
-2599.396119
5.953377
10958.080607
-536.841830
-1185.008306
417.822492
4310.363580
-2422.444774
60.377494
433.395822
-476.491441
483.899942
2613.990749
203.032763
-1740.110224
-18900.640108
-1693.482667
530.133823
112.149222
-4329.851843
3554.388255
-6101.031330
5757.488908
1554.623282
-3710.108290
47.070896
-361.786516
-131.581901
-1.949124
212.523560
-17243.030386
11926.184431
-618.725594
-75.159885
-7693.718125
57.735630
2683.355097
50.519483
9440.628550
-231.277457
9794.476631
2090.160199
437.472907
1725.851177
-12.339467
-61.558606
58.039231
90.204582
-297.437475
-62.839052
-1712.369260
-366.395345
2164.233654
-196.116183
85.028242
401.836168
-7634.169512
-4210.337322
-137.666957
-152.344457
329.421883
-10022.152364
2137.885011
-12149.285660
88.547571
-16.533831
409.417253
1560.744262
351.897265
191.027736
-731.979040
2121.963610
-4081.409539
-66.602426
-3109.317426
-604.731687
-7188.969519
-6159.175229
-5160.888480
445.108974
-41.973602
-5292.647415
25.171697
-2298.696402
-4168.720184
-2208.248460
-288.748315
-15164.965499
22732.320698
-0.843223
-4116.734626
4172.115650
244.115964
58.043010
-15901.428559
-6087.733505
-133.870791
-1010.049578
-14114.975295
-1421.522125
6101.630471
5758.953031
-6970.814940
4471.880018
-1302.233864
-5750.176091
-21190.254166
-4585.057513
13723.652964
-1824.172700
-99.255889
1118.094982
361.445202
237.312995
2745.618198
102.611049
-217.489371
-3854.687510
-3197.500540
6667.679237
2570.602663
2190.031287
-5692.441277
1372.086600
8520.549847
3494.035781
-336.365727
-292.574862
-14634.024339
-27785.698725
-586.295321
-0.174012
-170.596298
3828.874405
-64.736931
-483.893791
-100.026440
1706.195973
2192.158842
48.532941
-1813.599241
-5114.714653
-7938.160384
-2088.551580
9237.046744
-2034.252887
-937.273750
-1516.972578
-78.382719
17302.606778
-5666.436197
3659.313472
3311.467404
-1476.557100
36988.006938
-170.514185
-4416.353651
317.888248
3070.575738
70.074148
7157.597269
1.661386
1030.122220
-5006.936169
356.576182
14637.348315
8137.087288
429.189785
2223.352707
-10007.540214
-2440.941844
-413.578905
932.520904
838.681176
-3334.346731
1080.038168
-9879.580543
-1026.706609
1153.980399
1531.769533
-5090.987443
-13342.789164
530.170416
3747.060000
-40.260775
-13387.630030
-1853.886370
-685.575030
-3128.282456
-19182.335952
2807.513120
3040.542317
-13047.527083
1515.193986
22872.895589
-572.911668
1041.121066
-1997.604072
-623.340251
-496.933312
23262.445141
-4220.438050
-1659.205197
5066.091761
-54.278614
6748.671505
-5889.047901
14576.441432
-2067.530107
-7467.052489
2991.917648
19929.744048
-176.098758
1171.946760
2205.660374
-7625.895042
38784.598773
1095.036385
7126.133044
7746.500893
1020.546618
-5730.309508
390.643040
-18.253421
7931.990778
1776.283660
-2238.356701
893.038690
1461.769874
421.796295
-12953.159081
-4884.125882
7292.988028
-10702.824842
-12708.408894
36662.929082
-84.263977
10123.037225
2710.901296
-17209.885686
-6774.404023
-10032.413369
18.266352
-1458.375359
4063.440134
517.203928
13232.217303
4947.233827
1763.255326
-3474.597147
5043.573838
-61576.580706
-12940.227865
-595.678571
2456.601699
200.871160
10.923622
-5311.067464
-6428.618420
16.528945
3284.319613
-853.788253
151.705309
12975.492106
-21895.287233
-51493.575474
-721.105675
14583.524981
52656.218084
8102.710512
-15166.651584
38.049604
10391.412983
-493.012457
-805.886367
10016.999445
-37602.662967
-115.481158
-46300.194234
-679.812934
8751.552826
19484.757220
8192.412072
-9576.503039
34625.942364
67.719126
275.174696
11131.673764
1586.250679
-9852.893702
-46150.290361
16010.736225
128.952827
-10788.785614
-1093.955946
-4947.707373
-4389.119269
6208.346972
2632.686466
21944.098538
-15151.258476
-8981.564906
5214.740224
5883.708211
19370.834107
-19032.427757
-7586.975414
5031.542548
-7499.700645
-3755.159998
-15892.222788
4891.243027
1822.959616
-226.140462
17152.686103
1411.626877
4751.925226
5170.266813
-285.947664
4999.611293
-621.482912
-2038.755289
4022.466704
9547.751581
-6983.193167
23635.541165
-167.910370
-104.731064
-17970.282368
33995.740831
4984.040415
2635.153773
-999.189704
15396.941586
-972.601713
-9957.321621
-538.324682
-49345.336048
-439.569547
3658.764396
-3538.480559
973.088168
-31316.174831
-3205.541638
2042.579353
815.780134
482.153648
330.688151
-5283.030373
3002.534787
-12873.482544
6793.830265
-482.514733
55916.121182
30917.788981
-42880.001832
-50639.571598
-113.157822
21309.379023
-5707.065592
34830.127349
3081.444002
14048.057483
-409.978471
-78168.983921
-47434.060702
39128.712922
-32269.714102
-946.538975
-90944.248020
-1303.420825
4323.577017
-3890.055950
59069.527977
-596.232308
7439.181831
2916.027256
-632.312467
-3977.194451
-538.180532
-5564.430308
-7312.514995
-607.340809
-5668.801996
972.992659
-478.356548
-19280.485236
369.310466
-27210.806077
-2122.069040
16364.767060
-371.253540
-23597.428434
-13292.176706
-11547.827219
1240.669323
7532.469564
-24.203501
375.846257
-32531.300185
9391.773565
-28392.421176
-10728.581575
106.909828
10429.165913
-38758.827602
14762.945711
15230.993701
2079.334553
6036.619049
-2429.371094
291.465435
48383.615662
16883.169596
-7.611324
13239.725482
-33.967398
-22147.885666
6594.309697
6.312531
-5348.676635
-614.542429
90.626783
4845.606921
-37819.428910
-1190.106797
-67187.701642
4660.326465
109.446573
-57690.049929
-10454.669534
-44229.228768
-2349.975885
17071.978193
23813.272741
-11037.459399
847.804179
9004.464830
-1480.999018
-4331.002146
67301.754842
-680.736016
15555.821066
-124.915562
8802.121820
11160.280788
30670.674406
-4764.817090
6052.048045
-32166.097808
277.371032
25744.312504
329.683542
-1976.703095
-5958.082443
10142.320465
453.237032
1953.408266
3798.579612
2649.683958
2867.721698
3648.108251
-4145.836025
311.844740
10802.600527
38239.190222
289.384844
-9451.093862
702.929785
209.541235
10330.877558
-990.916501
-2597.982529
6625.949211
-36143.017488
-21759.397154
-16815.390269
4429.573375
-1094.631216
10249.014298
11455.748458
-66330.838189
151789.729995
-5533.567438
1178.340625
370.366362
-393.300202
-28420.757247
-7047.337746
-22737.173432
-92.457251
-5031.629074
2553.665331
-3488.021528
-3234.399854
-28177.320508
-8231.756723
112828.597418
-5551.796444
-2585.792689
-6807.402995
3204.798235
13148.692935
-1695.687653
4377.277568
449.817478
68941.087418
-18513.622766
21056.132191
23762.581567
-45065.780401
-3628.746732
59268.068860
-29.836328
285.572372
-3824.629607
-1201.962596
-503.011562
-454.617454
55376.210760
14627.125284
51504.550230
-10346.185097
14150.224939
78473.100107
140.280814
-128842.876744
2285.005724
10999.641595
6032.317492
1486.618862
25442.272259
20797.445802
1113.868735
-1266.426954
-5160.578496
-95744.931934
-527.026042
77.621542
41138.109430
76.519261
-3398.289246
-1999.056327
24864.785297
-1518.417667
31.520018
42943.759222
-59791.977791
77323.022776
-10296.851500
2876.174270
-1039.521443
-5063.727756
56232.428790
-11740.494588
-74404.174934
-18501.767516
-6065.918464
15410.475199
28768.621329
273535.695358
25532.196153
1433.161546
-2906.318389
-2395.510276
-5835.974965
91226.988597
15470.027890
7020.192315
4135.523813
70926.605097
-4544.597990
-25573.032026
695.650091
-3168.426362
-13297.497962
-26.573296
-15441.744670
-3026.853145
-310.010850
-36960.253410
-505.212774
-2060.070678
12787.300408
-1253.186994
-24048.769352
15088.141270
-852.273984
3495.009268
26364.979022
9188.123445
297.686375
-14736.107635
7624.224312
139265.611329
8974.344101
34013.335771
-1429.210788
2288.492091
3971.480400
1357.047059
669.563155
21678.011995
5416.044141
26047.477224
-3576.162085
9283.908941
20637.735644
1412.429367
-32192.085072
18063.981950
-59690.247579
-14198.902801
-11041.391028
68146.841503
-971.167335
-2938.523460
29523.871676
-26232.280870
-43025.140413
13105.315952
-48117.385588
47524.833731
301.775739
13161.648491
-18307.717567
-1917.213941
569.184364
96254.417274
866.486983
-10188.684787
-723.079825
487.182254
-12727.294458
643.667741
46880.491260
203.919884
-24536.576148
-2138.934343
-2355.305822
28668.253078
15104.867629
661.638880
856.984867
-500.572189
-7454.616343
-2001.693496
-743.095525
950.788508
6541.171906
-77.020403
2655.726746
-94247.285005
52656.531285
3822.359231
-6044.023120
26670.641153
11147.313604
11810.382781
45331.868206
-531.313188
-11881.529480
-69294.596304
71746.543761
-35300.866423
-50467.081465
-43333.299516
-12437.394788
2208.585483
-22261.719919
11966.624268
-19889.855124
-9325.414441
-250.882834
30832.216765
156.007365
163.226414
2841.331767
-798.371559
-23608.048306
41694.955078
1350.616946
-12913.502387
-15791.008288
556.226147
-3550.705312
-12343.105449
-8643.613591
-28555.692354
-57773.347397
33070.353411
-31572.626171
-37012.321087
2764.493777
-3153.834483
21546.226345
106577.615845
1357.477475
-11691.936926
-2227.282368
-13983.796070
3777.527602
-11341.404960
3650.118757
14775.322823
32240.497417
-141909.932840
737.305939
140386.534110
-25178.765794
143558.799362
148.944374
11015.011158
19479.612128
-3452.230217
-31110.350776
1462.615894
1088.287507
-13002.355917
-59921.304315
6661.907069
-13837.287373
14379.242222
222.157237
-6903.185445
44619.709652
-9702.620750
-864.358652
-23638.622842
-12729.329664
-113622.901732
3790.719364
-8776.202216
-4535.575460
-162333.564299
911.914748
-197.594790
-16708.518055
70941.896585
43511.141754
52402.687742
60693.826262
-7671.107896
-20738.931630
63950.447186
-176.928003
-97555.687320
-1097.487490
16395.811394
-2030.636152
-1958.670797
-5373.157781
-9577.831805
2243.706577
6599.704109
16567.147825
-3355.548011
18697.603993
3734.792634
12900.487576
