0.000000
0.250679
-1.242609
-0.759231
0.252837
0.877681
0.893780
-2.687697
0.178081
0.349036
1.804719
0.107591
2.330142
-4.715635
0.649309
0.407606
0.733840
-7.389942
3.269062
3.162707
4.473340
6.083501
-7.234996
-0.813987
4.597339
-8.274904
3.306925
12.496547
-6.820986
-0.697937
2.104996
-11.235963
1.324896
-5.914716
-2.933431
-4.219111
11.699014
6.820080
-6.105937
10.170693
8.354318
-8.174443
-9.045118
-7.074966
-24.270652
-11.416755
-5.557245
-20.052944
7.842704
-0.043608
-0.650208
-4.441223
17.267969
0.561197
-4.888796
0.125248
19.205357
-21.381505
30.799023
0.143426
-4.272904
-6.612094
21.934365
-9.992940
6.759543
-25.628482
-5.833551
2.686618
22.333791
6.026825
-10.570986
0.141360
-7.054354
-10.867155
-2.300234
-22.763464
3.657782
-22.302275
-16.425083
6.480999
39.988719
-19.912929
19.159795
-0.811065
1.090888
-18.527725
8.866855
13.386961
-32.017938
-7.756039
-5.465782
4.479049
-13.730028
-0.617981
-13.858631
18.459421
22.951636
14.797077
-6.452755
28.911126
-0.722413
34.811986
-4.367242
54.885966
4.747409
3.502924
-50.650989
30.611334
21.899375
-33.239524
28.655286
-9.825436
2.417735
2.863214
25.314201
-10.479275
-15.352242
13.078005
9.385185
24.018154
-3.598402
-7.145241
-81.457327
-13.166904
-1.968452
15.629237
-7.036386
-27.719548
-28.098577
1.313418
9.608429
29.162424
-33.385773
-25.375308
-4.605908
68.198367
3.218927
-31.747037
29.820298
-5.159698
40.689126
0.263696
-94.204644
25.560987
-39.309179
-0.578587
11.389259
-23.502310
-50.383687
11.793901
-9.822392
2.213439
-1.204181
-15.769462
14.254214
15.355554
-37.760744
20.458452
-55.687615
-13.125954
21.809181
120.142065
22.974770
10.887479
-10.396382
-2.416574
-43.421751
-11.204110
-39.527870
-3.645284
-40.116341
29.352795
-21.730589
7.007642
13.331336
6.101632
-13.372780
22.408780
43.744223
1.090136
-27.517636
-102.041169
-29.126641
9.449002
59.857145
-60.294464
30.008693
8.311607
6.241563
10.423636
-9.961565
-73.509447
0.014123
4.212590
11.348922
36.532518
8.454099
80.387876
45.281601
-8.408405
46.747873
23.397291
30.758282
-112.011385
-65.362213
17.997350
15.210188
-10.150808
-103.968320
-1.170378
54.272089
28.046449
19.644247
-9.778358
-60.326539
-31.347977
-12.422562
0.789419
-44.063071
14.287660
63.041573
-15.918819
118.631476
-8.806422
-35.776946
64.437076
0.709872
35.890894
-9.150386
8.904926
40.219618
69.306616
31.164552
-32.233474
9.218967
-14.065556
4.166064
-15.946935
151.640393
-88.286531
15.921577
118.128667
27.423536
-147.786227
-69.365749
7.391072
-3.832249
79.947713
-17.444803
-49.644021
-23.204538
-34.040964
107.426239
-29.507612
-31.865727
-1.292878
-75.362311
14.068793
13.132854
-43.958584
-1.478952
-12.711636
1.181246
-130.455647
4.169832
24.983894
12.891912
17.733809
-0.552925
48.159887
-13.242252
-35.095814
3.946901
104.046433
-64.499260
59.218367
-29.029277
-33.074584
-6.891095
-38.684692
53.190764
-77.100316
-36.138902
54.822581
36.672137
-15.829542
-49.562540
-157.741085
38.292988
-1.776317
89.894739
-20.732837
-21.190779
-4.777845
2.328763
2.932509
-109.657808
-3.574410
-36.693834
5.681461
-0.176995
-60.974632
-101.221079
-41.853807
15.721437
35.272050
49.476929
-66.363695
67.903960
-21.969158
130.892724
-24.267039
-13.637996
-56.463627
-3.978981
72.656983
-93.844566
-11.476424
54.696789
7.639965
9.934223
-146.280292
-40.369658
-142.304597
147.343367
16.552946
52.732311
-1.704374
30.625573
53.586858
6.224791
71.051700
9.002383
-16.568542
-38.574045
120.566641
-111.135004
-18.836143
-8.699646
-38.328001
-4.386180
28.199201
93.263267
-63.940572
10.026160
-93.882586
63.920282
17.586744
-20.483351
119.457094
-66.395951
71.631720
97.915946
7.286768
257.211847
170.371967
27.045999
-24.884101
125.318347
268.004856
-23.403383
-225.322974
-131.207760
-147.196813
67.354311
-92.767351
-216.149668
-65.788475
-85.504880
-150.598858
3.611738
-33.836388
260.344889
52.633567
5.008589
53.773459
-24.027460
51.941358
5.004219
24.295627
49.609950
119.352100
120.874741
-23.339980
-192.594253
4.801496
-6.867317
-25.722071
27.986243
-103.423963
-3.796511
-32.349130
-267.032433
-43.688626
-30.778459
13.814552
-5.195797
91.447129
31.933817
-272.732120
-10.859770
-7.991560
25.664415
-124.725281
8.998077
-77.994332
-152.566358
-84.786864
-16.446042
21.009522
351.717225
67.123818
-80.296804
-167.416536
-179.625778
117.225478
-9.939110
-105.609711
123.147302
-9.591709
98.487114
-43.408182
-3.695522
-165.935440
-61.879859
-46.988391
-0.947558
70.247780
-187.007691
28.762182
82.312655
25.251838
166.784594
-7.022029
-80.736681
152.884464
147.261351
-60.845236
158.185818
-83.933625
58.874545
91.195136
-2.158802
-1.868435
-34.335257
48.536967
35.924195
202.210655
45.633210
55.750151
9.020118
-52.376179
11.505994
-212.705143
-186.384652
-27.513070
-17.488068
-99.613468
-0.106577
-127.679717
-189.086779
198.262560
-109.364147
78.956088
-85.632899
-71.952750
102.067706
19.624558
-76.833778
-134.275311
83.020763
5.634850
52.511399
-32.721280
-15.726705
191.494981
33.503843
-0.506326
166.382506
-78.738118
111.484554
-53.860550
-44.895603
-144.611119
125.333707
164.182194
-34.731520
1.698684
8.677875
70.462985
192.304929
0.295782
72.029029
-13.438827
-64.612111
151.492115
-37.657113
-92.012197
-42.566119
-66.612499
-373.652226
42.614464
-53.473082
-211.896073
-2.594286
-5.747328
-128.112517
240.733343
-61.738147
9.565891
-74.058350
82.477077
261.322822
-29.090473
-111.689853
-67.717066
-181.451015
-166.162125
-153.399728
-115.789522
12.356896
21.955213
21.637038
13.349755
-31.227280
-14.914460
-41.524144
-36.562322
-144.963296
49.731551
166.950210
53.929950
-11.482233
-0.030153
47.008707
180.808049
-0.853629
1.408556
-47.346250
-98.231450
45.520101
190.516121
-60.547641
-173.705446
40.566952
4.772268
185.260548
292.582844
-32.288621
99.293342
-201.768740
9.572395
5.496428
-107.299948
-59.070058
108.840123
-0.452738
101.564822
-85.477686
-371.941483
121.735067
62.381785
-143.247097
12.355831
85.394351
-60.382488
24.500661
94.248531
-42.877729
132.853204
-99.403443
283.106879
-138.385972
-71.238140
134.445047
-160.135192
2.849743
88.275600
73.197619
-26.637172
-41.568606
-82.542968
55.182315
-81.740087
-85.044225
-265.838263
125.927274
66.385292
-165.927893
-117.339546
-4.044441
-105.596928
-15.502405
23.243363
123.669473
-113.197600
-50.323240
7.502694
-128.610135
-34.233028
-17.139656
44.131604
34.641918
-39.739030
-19.114495
-78.969921
-3.051504
20.839777
235.428492
-1.056102
-8.931088
-34.590394
-14.294150
-185.011641
-27.690055
54.390299
23.907023
-29.067360
-77.735964
26.636395
167.489073
58.792937
-71.000050
162.133397
-100.411175
-2.954937
-24.742400
31.249115
-202.883274
24.366986
-23.548150
45.754181
128.236087
-138.869253
-25.806528
-29.747979
-30.757282
-100.876786
32.815041
72.582724
-58.403337
-22.537655
-58.025616
44.871874
122.080298
-10.293227
-38.157321
-185.410268
-0.462586
30.484509
30.413616
161.085871
114.095841
113.893774
58.404858
28.662644
43.896998
180.744202
-86.531339
-6.191460
-84.747021
348.620605
-395.960892
-142.925782
-397.175042
89.581332
33.744553
-6.849397
-239.696058
257.668984
-29.993901
-45.824571
311.320327
-124.990234
123.156936
-34.118225
-22.890940
112.578132
356.926292
-96.609435
-48.768382
45.463245
67.731069
-183.046410
458.505786
-22.749871
67.892803
85.567235
83.255686
1.622659
213.775396
-14.031682
-270.763022
218.894964
-549.787121
-126.025268
-265.618948
-0.110315
104.202554
34.386439
-22.878157
57.092914
-28.977040
-21.970308
-116.345617
54.540043
217.829501
-1.494763
-121.774790
292.668477
20.287245
-42.917080
276.865054
24.384581
447.504224
-84.359001
75.993645
27.230490
52.056283
-329.517775
-68.897467
84.612765
-192.269983
61.846826
143.231492
-221.805039
-5.832921
24.171128
-8.079355
45.216017
310.251383
274.145911
311.351856
262.730831
4.010004
52.186904
-237.544945
-5.103430
-34.368198
-50.522063
34.929862
50.722187
-10.636150
-16.858876
-26.872018
-167.798578
39.275059
125.838171
-92.212396
-395.141290
-150.032256
53.841583
2.496105
-56.596556
19.571130
-184.421175
-3.915854
-12.861418
195.944033
33.163673
6.612841
230.822436
7.040047
-303.964774
-0.338688
334.209368
-17.913005
93.071287
19.295842
-315.153761
64.999104
203.674653
-101.087527
-67.660025
-63.230348
-40.085768
73.460965
-42.734837
-7.034632
29.816750
-488.193279
-108.433629
164.786644
10.717536
-167.328858
235.003665
-29.266749
315.607111
-238.484801
-223.850159
-151.790982
15.351028
-115.687225
-126.677226
-18.044586
165.159575
-118.939006
15.866714
-203.382895
27.207438
-81.100069
-152.791776
78.515103
-277.715225
163.047681
-166.609992
26.162288
-228.506712
-259.692640
140.052292
-0.425479
44.399877
-441.520535
-4.452980
59.935341
216.919204
98.220919
34.429102
268.592167
61.819833
106.433226
11.911095
0.632986
160.420442
601.564234
-186.211911
-1.306826
52.496635
-121.475567
-108.193396
145.442897
-4.968767
-463.973698
213.952098
282.200747
9.561370
91.508930
-91.774935
-35.951476
-101.710189
113.666291
460.801903
103.739830
327.917746
1.003889
-161.814919
98.909427
146.538000
157.263315
305.878869
7.350899
138.248949
256.093630
-36.916296
30.165575
-100.577160
167.789312
0.991357
-69.024176
8.967205
166.338911
-100.534263
279.312423
-80.866653
-304.355682
11.890667
-322.519338
114.240610
14.164130
-21.259990
83.505367
72.208694
-394.873516
-56.517615
-114.349112
-62.704504
-75.695720
-1.073061
414.352281
562.147287
223.000225
-141.199771
-318.418664
22.530049
-669.751136
-510.064725
-15.683014
434.278030
-472.819320
-1.220737
250.878191
-49.598144
204.620439
20.390768
0.537871
22.174937
-78.005574
263.977940
-148.014569
150.202596
-253.879444
251.404353
152.524661
102.119894
6.417128
-68.928767
131.206039
-35.042866
-161.756171
28.830852
101.306021
193.750804
625.191591
31.007150
10.806162
-42.950085
87.267044
-103.494628
15.390238
22.672902
-4.777382
-52.062789
-219.060974
200.833073
-94.527031
-286.181628
59.130587
434.687409
-112.230652
-228.151580
-161.336739
269.520661
-200.817697
69.625574
-329.171063
-375.629738
8.567763
3.727888
-23.661391
66.057421
-238.514666
-159.791988
-282.181659
-161.179472
-336.155757
-230.676407
-52.068616
9.197356
113.012688
527.238386
137.778919
187.546306
87.378296
11.659627
-24.579995
148.211908
232.708069
27.452329
-52.861612
134.314247
23.805272
120.013510
237.466834
79.081495
-577.229024
-0.057456
-70.257944
139.385412
-156.483490
-4.358887
-15.221116
140.110412
479.530692
19.700901
-212.262912
655.151407
-354.500686
-47.887508
164.254091
31.064978
-65.294797
103.675076
455.256940
291.476237
408.964386
-6.660422
14.029531
16.229545
625.420297
-8.071049
322.172116
83.993818
65.311260
42.235104
-232.149867
595.654614
21.341568
-175.839472
21.610768
-22.821589
64.581132
-14.112449
-45.419640
44.868539
122.798399
202.220539
30.753805
55.041121
-34.161095
-48.513615
14.573955
129.462980
-37.009189
61.205733
-602.511886
-56.016412
-156.359162
29.530751
97.928264
519.234047
195.098058
-31.086723
17.424103
-426.301842
