0.000043
0.001447
0.003034
0.004682
0.006086
0.007734
0.009138
0.010785
0.012189
0.013837
0.015406
0.016810
0.018458
0.019861
0.021509
0.023095
0.024499
0.026146
0.027549
0.029197
0.030599
0.032247
0.033833
0.035236
0.036883
0.038285
0.039932
0.041335
0.042981
0.044384
0.045969
0.047613
0.049015
0.050661
0.052063
0.053709
0.055110
0.056695
0.058340
0.059741
0.061386
0.062787
0.064432
0.065832
0.067477
0.069060
0.070460
0.072104
0.073504
0.075147
0.076547
0.078184
0.079766
0.081166
0.082808
0.084207
0.085849
0.087248
0.088889
0.090470
0.091867
0.093508
0.094906
0.096546
0.097943
0.099583
0.100980
0.102558
0.104198
0.105594
0.107232
0.108626
0.110264
0.111659
0.113236
0.114873
0.116267
0.117904
0.119298
0.120934
0.122327
0.123902
0.125537
0.126929
0.128564
0.129956
0.131590
0.132981
0.134614
0.136187
0.137577
0.139192
0.140582
0.142213
0.143784
0.145173
0.146803
0.148192
0.149821
0.151209
0.152838
0.154225
0.155793
0.157420
0.158806
0.160433
0.161819
0.163445
0.164829
0.166394
0.168019
0.169401
0.171025
0.172407
0.174031
0.175413
0.177035
0.178596
0.179978
0.181598
0.182979
0.184598
0.185978
0.187597
0.189155
0.190533
0.192151
0.193528
0.195145
0.196522
0.198137
0.199513
0.201051
0.202665
0.204039
0.205652
0.207026
0.208578
0.210190
0.211562
0.213172
0.214544
0.216153
0.217523
0.219131
0.220679
0.222048
0.223655
0.225023
0.226628
0.227995
0.229599
0.231142
0.232507
0.234110
0.235474
0.237075
0.238439
0.240039
0.241579
0.242941
0.244539
0.245900
0.247497
0.248857
0.250453
0.251812
0.253347
0.254941
0.256298
0.257891
0.259247
0.260762
0.262353
0.263707
0.265296
0.266650
0.268238
0.269590
0.271176
0.272703
0.274054
0.275638
0.276987
0.278570
0.279918
0.281500
0.283022
0.284368
0.285948
0.287293
0.288871
0.290214
0.291789
0.293306
0.294648
0.296223
0.297563
0.299136
0.300475
0.302047
0.303385
0.304896
0.306465
0.307801
0.309369
0.310703
0.312269
0.313602
0.315109
0.316652
0.317983
0.319545
0.320875
0.322377
0.323937
0.325265
0.326822
0.328149
0.329705
0.331030
0.332584
0.334081
0.335403
0.336955
0.338277
0.339827
0.341147
0.342694
0.344184
0.345502
0.347048
0.348364
0.349908
0.351223
0.352765
0.354079
0.355562
0.357102
0.358413
0.359951
0.361260
0.362796
0.364104
0.365581
0.367115
0.368420
0.369952
0.371239
0.372712
0.374241
0.375543
0.377069
0.378369
0.379894
0.381192
0.382715
0.384181
0.385476
0.386996
0.388290
0.389809
0.391101
0.392617
0.394076
0.395366
0.396879
0.398167
0.399678
0.400963
0.402472
0.403756
0.405208
0.406714
0.407996
0.409500
0.410780
0.412282
0.413561
0.415005
0.416503
0.417779
0.419276
0.420550
0.422045
0.423317
0.424809
0.426245
0.427515
0.428989
0.430256
0.431743
0.433174
0.434439
0.435923
0.437186
0.438667
0.439928
0.441408
0.442666
0.444089
0.445565
0.446821
0.448295
0.449549
0.451021
0.452273
0.453688
0.455156
0.456403
0.457869
0.459117
0.460580
0.461826
0.463233
0.464692
0.465935
0.467392
0.468633
0.470088
0.471327
0.472779
0.474177
0.475413
0.476862
0.478095
0.479542
0.480773
0.482218
0.483607
0.484820
0.486261
0.487487
0.488925
0.490149
0.491532
0.492966
0.494187
0.495619
0.496838
0.498267
0.499484
0.500858
0.502284
0.503497
0.504920
0.506131
0.507552
0.508761
0.510179
0.511541
0.512747
0.514161
0.515365
0.516776
0.517978
0.519387
0.520742
0.521940
0.523345
0.524540
0.525943
0.527136
0.528536
0.529727
0.531072
0.532468
0.533656
0.535049
0.536234
0.537620
0.538957
0.540139
0.541525
0.542705
0.544088
0.545265
0.546646
0.547821
0.549148
0.550524
0.551695
0.553069
0.554238
0.555609
0.556776
0.558144
0.559460
0.560623
0.561987
0.563146
0.564507
0.565665
0.567023
0.568329
0.569484
0.570838
0.571990
0.573341
0.574490
0.575838
0.577135
0.578281
0.579624
0.580768
0.582108
0.583249
0.584587
0.585726
0.587011
0.588330
0.589465
0.590795
0.591927
0.593206
0.594531
0.595660
0.596982
0.598108
0.599428
0.600551
0.601868
0.603134
0.604253
0.605566
0.606682
0.607991
0.609105
0.610411
0.611668
0.612778
0.614077
0.615185
0.616483
0.617588
0.618883
0.620129
0.621229
0.622520
0.623618
0.624905
0.626000
0.627285
0.628377
0.629611
0.630891
0.631979
0.633255
0.634341
0.635614
0.636697
0.637907
0.639175
0.640254
0.641519
0.642596
0.643857
0.645071
0.646143
0.647400
0.648469
0.649722
0.650789
0.652039
0.653242
0.654304
0.655549
0.656609
0.657851
0.658907
0.660146
0.661198
0.662388
0.663621
0.664671
0.665901
0.666948
0.668175
0.669219
0.670397
0.671619
0.672658
0.673877
0.674913
0.676128
0.677162
0.678374
0.679539
0.680568
0.681774
0.682801
0.684004
0.685148
0.686170
0.687367
0.688386
0.689581
0.690597
0.691788
0.692801
0.693944
0.695130
0.696138
0.697320
0.698326
0.699504
0.700507
0.701638
0.702812
0.703810
0.704979
0.705974
0.984161
0.708237
0.709228
0.710389
0.711376
0.712533
0.713646
0.714628
0.715780
0.716760
0.717908
0.718884
0.720029
0.721129
0.722101
0.723240
0.724209
0.725344
0.726310
0.727442
0.728404
0.729479
0.730605
0.731563
0.732685
0.733640
0.734717
0.735834
0.736784
0.737897
0.738844
0.739953
0.740897
0.742003
0.743065
0.744004
0.745104
0.746040
0.747136
0.748069
0.749161
0.750211
0.751137
0.752224
0.753148
0.754232
0.755153
0.756232
0.757150
0.758185
0.759259
0.760172
0.761241
0.762151
0.763217
0.764123
0.765146
0.766206
0.767107
0.768163
0.769061
0.770113
0.771114
0.772007
0.773053
0.773943
0.774985
0.775872
0.776910
0.777909
0.778790
0.779823
0.780701
0.781729
0.782604
0.783629
0.784500
0.785483
0.786502
0.787368
0.788383
0.789246
0.790255
0.791115
0.792085
0.793089
0.793944
0.794944
0.795795
0.796792
0.797640
0.798596
0.799586
0.800429
0.801415
0.802254
0.803237
0.804072
0.805051
0.805991
0.806822
0.807794
0.808621
0.809579
0.810509
0.811331
0.812293
0.813111
0.814069
0.814884
0.815838
0.816649
0.817564
0.818511
0.819317
0.820261
0.821063
0.822003
0.822801
0.823702
0.824635
0.825429
0.826358
0.827146
0.828071
0.828857
0.829744
0.830663
0.831444
0.832358
0.833135
0.834046
0.834819
0.835725
0.836596
0.837364
0.838264
0.839028
0.839924
0.840685
0.841576
0.842333
0.843188
0.844069
0.844821
0.845702
0.846450
0.847326
0.848168
0.848911
0.849781
0.850520
0.851386
0.852121
0.852982
0.853714
0.854539
0.855394
0.856120
0.856971
0.857693
0.858540
0.859259
0.860068
0.860908
0.861621
0.862456
0.863166
0.863997
0.864703
0.865529
0.866323
0.867023
0.867843
0.868540
0.869355
0.870048
0.870860
0.871638
0.872326
0.873130
0.873814
0.874614
0.875285
0.876051
0.876845
0.877519
0.878308
0.878978
0.879763
0.880430
0.881181
0.881959
0.882620
0.883393
0.884050
0.884819
0.885472
0.886237
0.886971
0.887618
0.888376
0.889020
0.889773
0.890412
0.891161
0.891880
0.892514
0.893256
0.893886
0.894623
0.895250
0.895983
0.896686
0.897307
0.898033
0.898650
0.899371
0.899984
0.900701
0.901310
0.901997
0.902707
0.903310
0.904008
0.904608
0.905283
0.905982
0.906575
0.907269
0.907859
0.908549
0.909134
0.909819
0.910477
0.911056
0.911734
0.912310
0.912984
0.913556
0.914225
0.914866
0.915432
0.916094
0.916655
0.917313
0.917871
0.918524
0.919078
0.919702
0.920348
0.920896
0.921537
0.922081
0.922718
0.923258
0.923866
0.924496
0.925030
0.925655
0.926185
0.926805
0.927331
0.927947
0.928537
0.929051
0.929659
0.930176
0.930779
0.931358
0.931869
0.932465
0.932971
0.933563
0.934066
0.934653
0.935216
0.935712
0.936292
0.936784
0.937359
0.937847
0.938418
0.938902
0.939447
0.940010
0.940488
0.941047
0.941521
0.942075
0.942545
0.943074
0.943620
0.944084
0.944626
0.945086
0.945623
0.946079
0.946611
0.947122
0.947571
0.948096
0.948542
0.949056
0.949554
0.949994
0.950507
0.950942
0.951451
0.951882
0.952386
0.952868
0.953293
0.953790
0.954210
0.954702
0.955119
0.955606
0.956018
0.956483
0.956962
0.957368
0.957843
0.958245
0.958715
0.959113
0.959561
0.960024
0.960416
0.960874
0.961262
0.961714
0.962098
0.962530
0.962975
0.963353
0.963794
0.964167
0.964603
0.964972
0.965403
0.965811
0.966174
0.966598
0.966957
0.967375
0.967776
0.968129
0.968540
0.968889
0.969295
0.969639
0.970041
0.970381
0.970763
0.971157
0.971491
0.971881
0.972210
0.972595
0.972920
0.973285
0.973662
0.973981
0.974354
0.974668
0.975036
0.975346
0.975695
0.976055
0.976360
0.976714
0.977015
0.977365
0.977661
0.978006
0.978335
0.978625
0.978963
0.979248
0.979581
0.979895
0.980174
0.980500
0.980774
0.981095
0.981365
0.981681
0.981947
0.982246
0.982554
0.982814
0.983117
0.983373
0.983671
0.983922
0.984205
0.984495
0.984740
0.985026
0.985267
0.985547
0.985784
0.986059
0.986322
0.986553
0.986821
0.987047
0.987310
0.987532
0.987790
0.988036
0.988251
0.988502
0.988713
0.988959
0.989166
0.989406
0.989609
0.989836
0.990069
0.990265
0.990491
0.990683
0.990898
0.991119
0.991304
0.991520
0.991701
0.991912
0.992089
0.992294
0.992490
0.992661
0.992859
0.993025
0.993218
0.993380
0.993568
0.993747
0.993902
0.994083
0.994234
0.994409
0.994557
0.994727
0.994888
0.995029
0.995192
0.995329
0.995486
0.995619
0.995771
0.995899
0.996042
0.996187
0.996308
0.996448
0.996566
0.996701
0.996814
0.996939
0.997066
0.997172
0.997295
0.997397
0.997515
0.997613
0.997721
0.997831
0.997922
0.998027
0.998114
0.998214
0.998297
0.998392
0.998480
0.998557
0.998644
0.998716
0.998798
0.998866
0.998943
0.999015
0.999076
0.999145
0.999202
0.999267
0.999320
0.999379
0.999428
0.999480
0.999532
0.999574
0.999620
0.999658
0.999700
0.999733
0.999769
0.999803
0.999830
0.999859
0.999881
0.999904
0.999926
0.999942
0.999958
0.999970
0.999981
0.999989
0.999995
0.999999
