0.999999
0.999995
0.999989
0.999981
0.999970
0.999957
0.999942
0.999925
0.999905
0.999882
0.999857
0.999830
0.999801
0.999770
0.999734
0.999698
0.999659
0.999618
0.999575
0.999529
0.999482
0.999429
0.999377
0.999322
0.999264
0.999205
0.999143
0.999078
0.999012
0.998940
0.998868
0.998795
0.998719
0.998640
0.998560
0.998477
0.998388
0.998300
0.998210
0.998118
0.998023
0.997926
0.997826
0.997725
0.997616
0.997510
0.997401
0.997290
0.997177
0.997061
0.996943
0.996818
0.996695
0.996570
0.996443
0.996313
0.996181
0.996047
0.995904
0.995765
0.995624
0.995480
0.995334
0.995186
0.995035
0.994882
0.994720
0.994563
0.994403
0.994240
0.994076
0.993909
0.993739
0.993561
0.993387
0.993211
0.993032
0.992851
0.992667
0.992482
0.992287
0.992096
0.991904
0.991709
0.991511
0.991312
0.991110
0.990906
0.990691
0.990482
0.990274
0.990060
0.989844
0.989618
0.989397
0.989174
0.988949
0.988722
0.988492
0.988260
0.988026
0.987780
0.987541
0.987300
0.987056
0.986810
0.986562
0.986312
0.986049
0.985794
0.985537
0.985277
0.985015
0.984751
0.984484
0.984215
0.983933
0.983659
0.983383
0.983105
0.982825
0.982542
0.982257
0.981958
0.981669
0.981377
0.981083
0.980786
0.980487
0.980186
0.979883
0.979568
0.979260
0.978950
0.978637
0.978323
0.977993
0.977673
0.977351
0.977027
0.976701
0.976373
0.976042
0.975709
0.975360
0.975022
0.974682
0.974340
0.973995
0.973648
0.973299
0.972934
0.972580
0.972224
0.971866
0.971505
0.971143
0.970778
0.970396
0.970026
0.969654
0.969280
0.968903
0.968525
0.968144
0.967761
0.967360
0.966972
0.966582
0.966190
0.965795
0.965387
0.964988
0.964586
0.964183
0.963777
0.963369
0.962959
0.962546
0.962115
0.961697
0.961278
0.960856
0.960433
0.960006
0.959578
0.959130
0.958698
0.958262
0.957825
0.957385
0.956944
0.956500
0.956036
0.955588
0.955137
0.954684
0.954228
0.953771
0.953311
0.952849
0.952367
0.951900
0.951432
0.950961
0.950488
0.950012
0.949535
0.949055
0.948561
0.948077
0.947590
0.947102
0.946591
0.946098
0.945603
0.945105
0.944606
0.944104
0.943600
0.943093
0.942565
0.942054
0.941541
0.941026
0.940508
0.939989
0.939468
0.938923
0.938397
0.937868
0.937338
0.936805
0.936270
0.935733
0.935194
0.934631
0.934087
0.933541
0.932993
0.932443
0.931890
0.931336
0.930757
0.930198
0.929637
0.929073
0.928514
0.927924
0.927354
0.926782
0.926208
0.925631
0.925053
0.924472
0.923889
0.923281
0.922694
0.922105
0.921513
0.920919
0.920324
0.919726
0.919102
0.918499
0.917895
0.917288
0.916680
0.916070
0.915457
0.914842
0.914200
0.913580
0.912959
0.912335
0.911709
0.911081
0.910451
0.909794
0.909159
0.908523
0.907884
0.907243
0.906601
0.905956
0.905309
0.904633
0.903982
0.903336
0.902680
0.902023
0.901336
0.900674
0.900010
0.899344
0.898676
0.898006
0.897333
0.896659
0.895955
0.895277
0.894596
0.893913
0.893228
0.892541
0.891852
0.891133
0.890439
0.889745
0.889047
0.888348
0.887646
0.886942
0.886208
0.885500
0.884790
0.884078
0.883364
0.882648
0.881930
0.881210
0.880458
0.879734
0.879007
0.878279
0.877548
0.876815
0.876081
0.875344
0.874584
0.873843
0.873100
0.872355
0.871608
0.870829
0.870078
0.869325
0.868570
0.867813
0.867054
0.866292
0.865498
0.864733
0.863966
0.863197
0.862425
0.861652
0.860876
0.860099
0.859289
0.858508
0.857725
0.856939
0.856152
0.855362
0.854571
0.853746
0.852950
0.852153
0.851353
0.850552
0.849748
0.848943
0.848136
0.847294
0.846482
0.845669
0.844854
0.844036
0.843220
0.842366
0.841543
0.840717
0.839890
0.839061
0.838230
0.837397
0.836562
0.835692
0.834853
0.834012
0.833169
0.832324
0.831477
0.830629
0.829778
0.828891
0.828037
0.827180
0.826323
0.825463
0.824601
0.823736
0.822836
0.821968
0.821098
0.820226
0.819352
0.818476
0.817599
0.816684
0.815803
0.814919
0.814034
0.813147
0.812257
0.811366
0.810474
0.809543
0.808656
0.807758
0.806857
0.805955
0.805015
0.804108
0.803200
0.802290
0.801379
0.800465
0.799550
0.798632
0.797676
0.796755
0.795832
0.794907
0.793981
0.793052
0.792122
0.791152
0.790218
0.789283
0.788345
0.787406
0.786464
0.785521
0.784538
0.783591
0.782642
0.781691
0.780738
0.779784
0.778828
0.777870
0.776872
0.775910
0.774947
0.773981
0.773014
0.772045
0.771075
0.770074
0.769100
0.768124
0.767146
0.766166
0.765185
0.764162
0.763177
0.762190
0.761201
0.760211
0.759219
0.758225
0.757189
0.756192
0.755192
0.754191
0.753188
0.752184
0.751177
0.750171
0.749120
0.748109
0.747095
0.746080
0.745063
0.744045
0.743024
0.741961
0.740938
0.739912
0.738885
0.737856
0.736825
0.735792
0.734758
0.733681
0.732643
0.731604
0.730563
0.729520
0.728446
0.727399
0.726351
0.725302
0.724251
0.723198
0.722143
0.721087
0.719986
0.718926
0.717865
0.716802
0.715737
0.714671
0.713603
0.712490
0.711419
0.710345
0.709271
0.708194
0.707096
0.706017
0.704936
0.703853
0.702768
0.701682
0.700550
0.699460
0.698369
0.697276
0.696182
0.695086
0.693988
0.692844
0.691743
0.690641
0.689536
0.688430
0.687323
0.686214
0.685103
0.683959
0.682845
0.681729
0.680612
0.679494
0.678328
0.677206
0.676083
0.674958
0.673831
0.672703
0.671573
0.670442
0.669264
0.668129
0.666993
0.665856
0.664716
0.663576
0.662433
0.661244
0.660100
0.658953
0.657804
0.656654
0.655503
0.654350
0.653195
0.651993
0.650835
0.649676
0.648515
0.647353
0.646189
0.645024
0.643810
0.642642
0.641472
0.640301
0.639128
0.637954
0.636744
0.635567
0.634388
0.633208
0.632026
0.630843
0.629658
0.628425
0.627237
0.626048
0.624857
0.623665
0.622472
0.621277
0.620081
0.618835
0.617635
0.616435
0.615232
0.614029
0.612825
0.611619
0.610363
0.609153
0.607943
0.606730
0.605517
0.604302
0.603085
0.601819
0.600600
0.599379
0.598157
0.596933
0.595708
0.594482
0.593254
0.591976
0.590746
0.589514
0.588281
0.587060
0.585775
0.584537
0.583299
0.582058
0.580817
0.579574
0.578330
0.577085
0.575788
0.574540
0.573290
0.572040
0.570787
0.569534
0.568279
0.566972
0.565715
0.564456
0.563196
0.561936
0.560673
0.559409
0.558144
0.556826
0.555558
0.554289
0.553018
0.551746
0.550473
0.549198
0.547872
0.546595
0.545316
0.544037
0.542756
0.541473
0.540190
0.538905
0.537568
0.536285
0.534997
0.533707
0.532416
0.531124
0.529778
0.528484
0.527188
0.525891
0.524592
0.523293
0.521992
0.520690
0.519334
0.518030
0.516724
0.515417
0.514109
0.512799
0.511489
0.510126
0.508813
0.507499
0.506184
0.504867
0.503550
0.502231
0.500911
0.499537
0.498214
0.496891
0.495566
0.494240
0.492913
0.491585
0.490202
0.488872
0.487540
0.486207
0.484873
0.483500
0.482164
0.480827
0.479488
0.478149
0.476808
0.475466
0.474123
0.472725
0.471380
0.470034
0.468687
0.467338
0.465989
0.464638
0.463287
0.461880
0.460526
0.459171
0.457815
0.456458
0.455101
0.453742
0.452327
0.450966
0.449604
0.448240
0.446876
0.445510
0.444143
0.442721
0.441353
0.439983
0.438612
0.437240
0.435868
0.434494
0.433119
0.431688
0.430311
0.428933
0.427570
0.426190
0.424754
0.423372
0.421989
0.420605
0.419220
0.417835
0.416448
0.415060
0.413616
0.412226
0.410836
0.409444
0.408051
0.406658
0.405264
0.403812
0.402416
0.401018
0.399622
0.398223
0.396823
0.395422
0.394020
0.392561
0.391157
0.389752
0.388347
0.386940
0.385532
0.384124
0.382659
0.381249
0.379838
0.378426
0.377013
0.375599
0.374184
0.372769
0.371296
0.369895
0.368477
0.367058
0.365638
0.364161
0.362739
0.361317
0.359893
0.358469
0.357045
0.355619
0.354135
0.352708
0.351280
0.349851
0.348421
0.346990
0.345559
0.344127
0.342636
0.341204
0.339770
0.338334
0.336898
0.335461
0.334023
0.332527
0.331087
0.329647
0.328206
0.326765
0.325322
0.323879
0.322435
0.320932
0.319487
0.318041
0.316593
0.315167
0.313660
0.312211
0.310761
0.309310
0.307859
0.306407
0.304954
0.303443
0.301988
0.300533
0.299078
0.297621
0.296164
0.294706
0.293248
0.291730
0.290273
0.288812
0.287351
0.285889
0.284427
0.282963
0.281441
0.279977
0.278511
0.277046
0.275579
0.274112
0.272644
0.271117
0.269648
0.268179
0.266708
0.265237
0.263766
0.262294
0.260821
0.259305
0.257831
0.256357
0.254882
0.253406
0.251871
0.250394
0.248916
0.247438
0.245959
0.244480
0.243000
0.241520
0.239980
0.238498
0.237016
0.235533
0.234050
0.232566
0.231082
0.229540
0.228055
0.226569
0.225082
0.223595
0.222108
0.220620
0.219072
0.217582
0.216093
0.214603
0.213113
0.211621
0.210130
0.208638
0.207086
0.205593
0.204099
0.202605
0.201111
0.199573
0.198077
0.196581
0.195085
0.193588
0.192091
0.190593
0.189095
0.187537
0.186038
0.184538
0.183039
0.181538
0.180038
0.178536
0.176975
0.175473
0.173970
0.172468
0.170964
0.169461
0.167959
0.166454
0.164889
0.163384
0.161879
0.160373
0.158867
0.157360
0.155853
0.154285
0.152778
0.151269
0.149761
0.148252
0.146743
0.145233
0.143724
0.142153
0.140642
0.139132
0.137638
0.136126
0.134554
0.133042
0.131529
0.130016
0.128503
0.126990
0.125476
0.123962
0.122388
0.120873
0.119358
0.117843
0.116328
0.114812
0.113296
0.111719
0.110203
0.108686
0.107171
0.105654
0.104137
0.102619
0.101040
0.099522
0.098004
0.096485
0.094966
0.093447
0.091928
0.090409
0.088828
0.087308
0.085788
0.084268
0.082747
0.081227
0.079706
0.078124
0.076608
0.075087
0.073565
0.072043
0.070521
0.068999
0.067416
0.065893
0.064371
0.062848
0.061325
0.059802
0.058279
0.056756
0.055171
0.053648
0.052124
0.050600
0.049076
0.047552
0.046030
0.044445
0.042920
0.041396
0.039871
0.038346
0.036822
0.035297
0.033772
0.032186
0.030660
0.029136
0.027610
0.026085
0.024560
0.023034
0.021448
0.019922
0.018397
0.016871
0.015345
0.013776
0.012250
0.010724
0.009199
0.007673
0.006147
0.004621
0.003095
0.001508
0.000000
