-0.351892
-1.012290
0.100269
0.764104
-1.567221
-0.871305
1.434757
-1.430407
1.343417
-0.298585
-1.413032
-0.945595
-0.956150
1.324394
0.128768
-0.677514
-0.969760
-1.088376
-0.948866
0.217524
0.550031
-0.609393
-0.454479
0.874573
-1.113357
-1.364971
0.378665
0.992539
1.566774
0.964563
-0.989763
0.238288
-0.194723
0.799750
-0.056480
0.445939
1.364351
-0.730388
-0.582911
-1.053004
1.102196
-0.891002
-0.473323
-1.163218
0.961487
0.073784
-1.266754
0.759572
-1.362759
-0.532726
-1.311365
1.418606
0.086036
1.358515
-1.515570
-1.530492
-0.146851
-0.573717
-0.725306
0.595947
0.658847
-0.938394
0.526535
1.201065
0.530483
0.985467
0.808206
-1.258822
-0.656955
0.306820
1.444903
1.442500
1.060657
-0.966791
0.088441
-0.043765
0.908296
-0.044665
-0.626522
-0.317136
1.386532
-0.071678
-1.429502
0.118067
-0.553276
0.151516
1.084548
1.042047
-0.107167
-0.213817
0.836587
0.362658
-0.304907
-1.506151
0.234562
-1.019372
0.653246
-1.473023
1.520423
1.007840
-0.114864
1.143187
-0.598403
0.559342
-0.803158
1.511272
-0.121960
-0.380156
-0.365203
-0.102144
0.705561
1.422254
-0.154277
1.223292
-0.686602
-0.200828
-1.161339
1.483130
0.998593
-0.217954
-1.014276
1.326874
1.197394
-0.121317
0.881795
-0.703556
1.278334
0.609749
-0.844901
0.610279
-0.899959
0.532730
-0.426476
0.888022
-0.993700
-0.670337
1.362539
-0.114075
0.987685
-0.140706
-0.793052
-0.309322
-1.225136
-1.275063
0.643532
-0.688076
-0.481849
0.057814
0.012959
-1.250676
-0.353921
-0.233007
-0.048565
-0.141219
0.403772
1.426174
-0.127560
-0.388915
-1.523893
1.350323
0.951780
-1.464533
0.932256
0.294984
-1.344670
-1.354973
0.733909
-1.191352
0.471091
-0.525700
-1.125426
-0.488047
1.301591
0.398843
1.447110
-1.001400
-1.341636
-0.289409
-0.646887
0.951073
-1.248244
1.467373
0.789254
0.889562
-0.000866
-0.300973
0.686237
0.868560
0.166166
-1.183320
-0.530819
-1.516994
0.773633
-1.339269
-0.678064
1.494429
-1.126875
0.199122
0.949687
0.186531
-0.821842
-1.415505
-0.371208
-1.203882
-1.230356
0.653668
-1.237038
-1.527031
0.675000
-1.186128
-0.927232
0.870086
-0.483607
0.986074
1.067559
-1.221482
0.490227
-1.384680
-0.529461
-1.319426
-0.172784
-0.112518
1.318845
1.235874
-1.429296
0.714313
1.093014
0.218452
0.833592
-1.277623
1.562923
1.451908
1.457660
-1.026352
0.022927
-0.540257
-0.367308
1.569150
0.014572
-0.964669
0.867377
-1.272987
-0.441140
1.148003
1.549022
-1.481330
-0.568440
0.919061
-0.126017
1.163925
-0.413059
1.205626
-1.541643
0.048487
-0.615709
-1.056937
0.970986
-0.956420
-0.861045
0.235651
1.105496
0.477187
-0.820390
0.006983
1.279904
0.898846
-0.994866
-0.428552
-0.127584
-0.299974
0.420665
0.971247
0.608595
-0.919789
0.678454
0.791484
0.469587
-0.226261
-0.298003
0.122966
1.058914
0.395580
-1.538975
-1.415937
0.925041
0.558073
0.135985
-0.646746
1.406936
1.196360
-0.869751
0.693293
-1.297194
-0.764745
0.257658
-0.094306
-1.319585
1.403532
-0.679980
0.778939
-0.903554
-1.377700
0.367581
-0.987068
0.800046
1.391322
0.348775
-0.243936
0.694599
-0.883802
-1.257956
-0.098435
-0.531057
0.095200
0.149543
0.525786
0.518510
1.451331
-0.267218
-0.432567
-0.987849
0.026910
1.347442
0.336504
1.235787
1.146573
1.533517
0.982017
1.377297
1.120075
1.456679
-0.372770
-1.315388
1.068389
0.472741
0.107312
1.451369
-0.461782
1.232910
-0.349133
0.208108
-0.160931
-0.723017
0.679426
-0.303316
-0.723873
-0.611629
0.432853
-0.055636
-0.878237
-1.466253
-0.231340
-1.364997
1.548147
0.705555
1.332466
1.551837
-0.187117
-0.640694
-0.835592
0.390561
0.395714
0.200571
1.097297
1.472154
-0.050031
-0.793121
-0.325761
1.566433
-1.451728
0.678728
-0.033802
0.927494
0.264167
0.991702
1.562014
-1.555961
-0.575085
0.332311
0.929050
-1.494239
-0.131201
0.464344
0.550381
1.159118
0.702221
0.947432
0.805900
1.314019
0.838765
-1.237132
-1.377738
-0.497442
0.851266
-0.411766
-0.098616
1.489338
-0.633278
0.855612
-0.809154
1.056570
0.453044
0.530648
-1.248704
1.295232
-0.795709
1.141268
0.750577
-0.491032
0.897703
-0.042923
-1.514713
1.135657
1.514440
-1.206610
1.549530
0.276428
-0.722085
-1.001612
1.080149
0.476092
0.819548
-0.084778
0.489894
0.394448
-1.435085
-1.059496
1.495469
-0.059493
0.756532
-1.228287
1.544851
-0.566668
0.223080
1.449080
0.890308
-0.497166
-0.119252
-1.413869
-0.118461
1.279730
-0.598424
-1.266696
0.193499
0.777248
-1.040898
-1.357259
-1.485406
-0.494652
-1.510024
1.341631
-0.145687
1.467671
1.569779
-1.204925
1.004277
-0.164308
-0.153761
0.607802
-0.301304
1.362751
-0.668832
-0.085072
-0.548513
1.447891
-0.080898
0.578019
-1.517131
-0.745532
-0.192899
-0.420044
0.995327
-1.298150
0.826400
-0.525950
1.399388
1.160662
0.668166
-0.981689
-0.144084
1.464730
1.046172
-0.679602
0.906801
-0.431884
0.445340
-0.804794
1.236506
1.350620
-0.823516
-0.689222
1.284517
-1.518431
-1.229338
-0.288497
-1.122636
0.491987
0.498787
-0.130235
-0.511530
0.707576
1.403471
-0.095139
0.340263
-1.545071
-0.131796
-1.015863
-0.272562
-1.133758
-0.709162
1.262533
-0.773368
0.974767
-1.255689
1.218599
0.183947
1.430149
0.716347
0.474512
0.730393
0.299838
0.069917
-0.920119
-0.965610
-1.059064
0.087393
-0.484312
-1.496275
-1.045779
1.424883
-1.334582
-0.634057
-0.947316
-0.116178
0.383419
-0.820535
0.487679
-0.024551
1.323722
-1.312851
1.011512
-0.799574
0.617421
1.334884
-1.212029
0.526629
-0.520085
-0.742285
0.185785
-1.490289
1.342776
0.668822
-0.486709
-0.003134
0.760591
0.703573
0.843086
-0.551905
-1.532153
0.724588
-0.753982
0.915339
-1.323136
0.080053
-0.485270
-0.267298
-0.573996
-0.351642
-1.555556
0.639448
1.177442
0.143393
1.495042
-0.268000
1.155954
0.201911
-0.237083
0.163479
-1.432048
0.707718
-0.376138
-0.517746
0.461155
0.478378
1.316356
1.499326
-0.039588
0.819725
0.064688
-0.749998
-1.166426
-0.658330
0.859508
1.322765
0.869621
1.145079
1.020449
-0.088833
-1.074145
-0.564015
0.347087
-0.766361
-1.372121
-0.664765
0.011084
-0.301601
0.358891
-0.393019
1.496570
-1.033757
0.079331
-0.910190
1.279074
-0.135214
-0.244167
0.160447
-0.184934
-0.700204
-1.552770
0.361168
1.007488
-0.351506
-0.453331
-0.949883
0.158798
0.313294
0.896574
-0.711153
-0.723569
-0.883411
1.523659
-1.547346
1.143021
0.483935
0.238181
-0.847086
-1.224789
-0.230248
0.011217
-1.386637
-0.269321
0.423634
1.393138
1.540166
-1.082358
0.152789
0.712120
-0.158072
-0.131800
1.158446
-0.326766
-0.448491
-0.508410
1.221317
0.735631
1.273210
-1.094711
0.488149
0.277023
0.069166
-0.321423
1.305149
-1.187626
0.216481
1.320160
0.612884
-1.568695
0.790696
0.574075
0.591238
0.123410
0.304943
-1.503478
0.182534
-1.230477
0.594898
-0.239534
-0.212418
0.264205
0.894709
-1.205004
-0.730956
1.433017
-1.308091
0.109025
1.210515
-0.631224
0.379010
-0.354142
0.801419
0.497270
-1.380607
-0.911828
1.544692
-1.092315
-0.887019
0.911016
0.625796
-0.122380
-0.660150
-0.816684
1.540490
0.682658
1.373951
0.481692
-0.625041
0.951849
0.493648
-0.900790
-0.871408
-0.067056
0.837194
0.612007
-0.800596
-0.507664
-1.301768
-0.710261
0.210642
-0.689313
-1.080566
-0.696943
-0.425570
0.084963
-1.157695
1.140233
0.443849
-0.313365
1.073907
0.874533
-0.763438
-0.748251
-1.249737
1.295119
0.228088
1.483899
1.046081
1.409648
0.051981
-0.271066
-1.238394
0.552665
1.046980
0.632735
1.323597
-0.104288
1.481694
1.298724
1.281037
0.519193
-0.762242
-0.853420
-1.199960
-0.975648
-1.344231
1.488219
0.495639
-0.762701
-0.110388
-0.440617
0.203933
-0.570448
-0.520566
-1.376144
-1.358537
-1.332516
0.690233
-0.945670
1.550302
-0.469820
-0.306192
-0.951018
1.035077
0.051093
0.834581
1.185893
0.240983
-1.220896
0.265981
1.073304
1.007048
1.037829
0.800398
-0.740550
0.636522
0.965424
1.084850
0.343606
1.121371
1.186612
-0.308388
0.440280
-1.076779
-1.016541
0.565728
-0.704347
-0.318639
-1.205780
-1.562691
1.458558
0.980179
-0.527908
-0.494784
-0.028238
-0.124403
1.478949
-0.557966
-0.476274
1.227851
-0.741283
-0.039764
-1.298924
-1.227177
-0.890299
-0.138084
1.552270
-0.241957
-0.630722
0.708460
1.307618
0.102769
0.326976
-0.203071
-0.818579
-1.531161
-0.807348
0.306473
1.473886
1.057014
0.437288
-0.307884
-1.067026
-0.622019
-0.165592
0.260562
-0.705669
-1.012397
-1.404501
0.676355
1.122917
1.275361
0.369491
0.577125
-0.159085
0.688986
-1.175184
-0.378747
-0.490033
0.818959
1.253062
1.049146
1.206639
0.699346
-0.545274
1.491266
-0.015726
-0.398252
-0.685621
1.552678
-1.356163
-0.702540
0.176443
1.535804
-1.371964
0.207019
0.430733
1.342728
0.890123
0.711799
0.263239
-0.197262
-1.185429
-1.268603
-0.366741
-1.487145
0.902643
0.750851
0.879671
-0.056600
0.916980
-0.902241
-0.770305
-1.025438
1.480821
-1.222566
1.052072
-0.405944
-0.143381
-1.168291
-0.416576
-0.075606
1.239101
-0.132272
1.007384
0.355870
-0.416820
0.820069
1.408683
1.220252
-0.105141
0.986039
-0.761605
1.177619
1.297225
0.635538
-0.491921
0.749618
-0.004652
0.006711
0.566409
1.517716
0.983840
0.383896
0.115512
-1.015198
-0.065090
-0.080668
-1.124619
-1.173755
-0.778959
-1.201580
0.283896
0.260868
0.031211
-1.453894
0.676330
0.946677
-0.977123
-0.715303
1.389940
1.187168
-0.994333
-0.069412
-1.564068
0.762029
0.968560
-0.118241
1.421783
-1.384067
0.023279
-0.330516
-1.534139
1.252155
0.633294
-0.582582
1.153297
-1.037664
1.438152
-1.098836
1.390943
0.003705
-0.411407
-1.040808
-0.015558
0.296078
-0.384572
-0.937251
-0.553604
1.490135
-0.475230
0.639024
0.037786
1.193168
0.691852
0.481584
0.785389
1.266812
0.205949
-1.182324
-0.883187
-1.487193
-0.713580
-0.897231
-0.408034
-1.568834
1.136816
0.418320
-1.097563
-0.625264
1.347759
-0.677098
0.314374
1.300683
1.429716
-1.487376
-1.238092
-1.082862
0.537496
-1.407368
-1.252688
0.785047
1.546180
1.519119
1.307664
0.018907
-1.274687
1.195337
0.897059
-0.265780
-0.928268
-0.345888
0.412405
0.430905
0.094322
-1.554835
-0.934150
0.878163
0.216096
0.526581
-0.554587
-1.299186
0.492911
-0.460894
-1.252137
-0.796185
-0.557789
-0.209999
0.129712
-0.586803
0.050138
1.177482
1.567716
1.054612
1.483457
-1.112621
