_C_ce602389_0 8c 0 8 0 0 77 
_C_931d9bc4_0 9c 0 20 0 40900000 
_C_224c4c75_0 8c 0 88 0 0 2e747874 0 616c5f41 0 6563696d 0 65786164 0 48 
_C_9c7fbd1a_0 8c 0 88 0 0 2e747874 0 616c5f42 0 6563696d 0 65786164 0 48 
_C_7ee3f320_0 8c 0 18 0 0 25680a 
_C_8f18c8f_0 84 0 17 0 0 0 
_C_920bd1ea_0 84 0 1c 0 0 0 
_C_53edb244_0 84 0 1a 0 0 0 
_C_83275d78_0 8c 0 b0 0 0 2e747874 0 78464c4d 0 696c696e 0 61646f58 0 73756c74 0 5265 
_C_8ffc5664_0 84 0 1b 0 0 0 
_C_a96c7e1_0 9c 0 20 0 408ff800 
_C_b35bc3_0 84 0 20 0 0 0 
_C_91fbf749_0 84 0 20 0 0 17 
