_C_23c4c68d_0 8c 0 18 0 0 25660a 
_C_8f51befd_0 8c 0 118 0 0 2e747874 0 4d444543 0 5138464c 0 494e3136 0 45544149 0 6c696e78 0 646f5869 0 756c7461 0 526573 
_C_e1a23aef_0 8c 0 108 0 0 2e747874 0 38464c4d 0 36523450 0 41724e31 0 6e784765 0 58696c69 0 7461646f 0 6573756c 0 52 
_C_d5c6d61f_0 8c 0 118 0 0 2e747874 0 4d444543 0 5138464c 0 494e3136 0 41434149 0 6c696e78 0 646f5869 0 756c7461 0 526573 
_C_79b1142b_0 8c 0 70 0 0 2e747874 0 5f6c6f67 0 74707574 0 6f75 
_C_c789eee4_0 8c 0 100 0 0 2e747874 0 34464c4d 0 4e313651 0 54414949 0 696e7845 0 6f58696c 0 6c746164 0 52657375 
_C_781ffc67_0 8c 0 c8 0 0 2e747874 0 41464c4d 0 6e784c4f 0 58696c69 0 7461646f 0 6573756c 0 52 
_C_4e6f553e_0 8c 0 f8 0 0 2e747874 0 34464c4d 0 4e313651 0 41434149 0 6c696e78 0 646f5869 0 756c7461 0 526573 
_C_ce602389_0 8c 0 8 0 0 77 
_C_42c1f8c_0 8c 0 c8 0 0 2e747874 0 4d444543 0 6e78464c 0 58696c69 0 7461646f 0 6573756c 0 52 
_C_bb9f30ff_0 9c 0 20 0 40901800 
_C_42dfdf72_0 8c 0 118 0 0 2e747874 0 4d444543 0 5134464c 0 494e3136 0 41434149 0 6c696e78 0 646f5869 0 756c7461 0 526573 
_C_dcbf876f_0 8c 0 120 0 0 2e747874 0 4d444543 0 5034464c 0 31365232 0 6541724e 0 696e7847 0 6f58696c 0 6c746164 0 52657375 
_C_dbac0995_0 8c 0 88 0 0 2e747874 0 616c5f52 0 6563696d 0 65786164 0 48 
_C_bec93c81_0 8c 0 108 0 0 2e747874 0 34464c4d 0 36523450 0 41724e31 0 6e784765 0 58696c69 0 7461646f 0 6573756c 0 52 
_C_526b7b64_0 8c 0 120 0 0 2e747874 0 4d444543 0 5034464c 0 31365234 0 6541724e 0 696e7847 0 6f58696c 0 6c746164 0 52657375 
_C_224c4c75_0 8c 0 88 0 0 2e747874 0 616c5f41 0 6563696d 0 65786164 0 48 
_C_9c7fbd1a_0 8c 0 88 0 0 2e747874 0 616c5f42 0 6563696d 0 65786164 0 48 
_C_40210ef6_0 8c 0 e0 0 0 2e747874 0 4d444543 0 4f41464c 0 696e784c 0 6f58696c 0 6c746164 0 52657375 
_C_35edadaf_0 8c 0 100 0 0 2e747874 0 38464c4d 0 364d3450 0 44414e31 0 696e7847 0 6f58696c 0 6c746164 0 52657375 
_C_9a3ab835_0 8c 0 100 0 0 2e747874 0 34464c4d 0 364d3450 0 44414e31 0 696e7847 0 6f58696c 0 6c746164 0 52657375 
_C_c5727209_0 8c 0 120 0 0 2e747874 0 4d444543 0 5038464c 0 31365234 0 6541724e 0 696e7847 0 6f58696c 0 6c746164 0 52657375 
_C_7ee3f320_0 8c 0 18 0 0 25680a 
_C_2d803117_0 8c 0 108 0 0 2e747874 0 34464c4d 0 36523250 0 41724e31 0 6e784765 0 58696c69 0 7461646f 0 6573756c 0 52 
_C_bfa248bb_0 8c 0 118 0 0 2e747874 0 4d444543 0 5034464c 0 31364d34 0 4744414e 0 6c696e78 0 646f5869 0 756c7461 0 526573 
_C_1848b790_0 8c 0 118 0 0 2e747874 0 4d444543 0 5134464c 0 494e3136 0 45544149 0 6c696e78 0 646f5869 0 756c7461 0 526573 
_C_685efb7e_0 8c 0 100 0 0 2e747874 0 38464c4d 0 4e313651 0 54414949 0 696e7845 0 6f58696c 0 6c746164 0 52657375 
_C_83275d78_0 8c 0 b0 0 0 2e747874 0 78464c4d 0 696c696e 0 61646f58 0 73756c74 0 5265 
_C_65e31a30_0 8c 0 100 0 0 2e747874 0 34464c4d 0 4e313651 0 43414949 0 696e7841 0 6f58696c 0 6c746164 0 52657375 
_C_256df62a_0 8c 0 110 0 0 2e747874 0 4d444543 0 5134464c 0 494e3136 0 78414341 0 696c696e 0 61646f58 0 73756c74 0 5265 
_C_ca340faa_0 8c 0 100 0 0 2e747874 0 38464c4d 0 4e313651 0 43414949 0 696e7841 0 6f58696c 0 6c746164 0 52657375 
_C_28bb41d6_0 8c 0 118 0 0 2e747874 0 4d444543 0 5038464c 0 31364d34 0 4744414e 0 6c696e78 0 646f5869 0 756c7461 0 526573 
