-0.000000
0.034156
0.057893
0.026158
-0.643019
0.002094
0.257027
0.002905
-0.086594
0.100505
0.294714
-6.255913
-1.036905
-0.660278
0.246194
0.065225
18.417714
2.392362
-4.621694
0.037374
-0.446855
8.407871
9.711731
-12.714953
-1.722788
0.020227
-135.773598
4.397734
0.488988
15.010299
53.599981
2.301309
-4.868928
-18.282317
-128.949949
2.145275
34.583173
-3.347704
28.579380
-12.485021
-112.362361
43.457002
0.678678
8.848774
-20.836582
-0.136956
19.121614
-0.198324
41.966693
13.487976
383.449071
1.979067
-56.227460
605.223207
-21.603949
-81.430597
161.981491
163.309036
79.104972
152.189401
-21.078812
0.561763
-88.244532
-13.848232
-17.410457
-284.158506
-216.666445
-59.534597
-26.699421
-92.234126
-32.288382
-5.370459
173.691325
-22.631773
-6.264748
-12.937802
728.707418
13.703399
1.365240
-10.635254
53.794851
36.426630
-319.875415
92.638947
19.395479
1.478620
355.191755
-100.959493
27.421709
-17.794570
-367.274439
540.952979
63.829740
-273.378490
0.049183
147.708804
88.458891
-824.893707
43.107143
126.910965
64.948349
78.963937
-89.369181
47.554327
71.052223
909.600443
2.632159
-141.047208
259.518321
-37.995036
-156.199555
238.244442
242.020892
-39.596144
32.920699
1212.612450
-167.095292
414.575656
-44.212362
-500.461458
-3.299438
408.149002
579.021165
84.130565
42.817430
-193.584975
25.373208
722.975977
-969.549152
226.133778
-728.920260
-1456.416597
-0.246313
196.189719
391.128185
17.312840
-1003.052434
-218.736104
38.719606
-1038.623965
-211.279683
-623.640957
114.684878
447.689666
296.140066
-682.800363
42.134200
-185.715011
-174.543909
758.084107
1182.538496
450.747124
38.299135
86.437500
1677.645355
5779.620234
41.938415
784.767205
-0.759333
-17.273547
2665.088162
4373.227868
-247.303466
-600.886700
-292.557963
-103.400375
615.130953
54.133450
128.734776
127.269545
-249.769697
-1745.861867
-527.648123
-52.293592
-94.451853
95.503915
-4960.468556
1043.012900
-119.596399
-2948.697237
1027.488541
-407.151324
2789.142196
-178.278906
-5101.653372
1297.387539
-3284.995434
-0.521707
-215.952186
1.797142
2.458496
-97.958199
-60.478175
-113.836884
-45.889350
-103.904783
125.237255
-353.136488
2037.391560
833.065691
-96.664255
463.437835
-2839.502154
163.471863
-3797.516143
28.797302
796.235803
3005.811760
-609.526847
273.375321
-912.328450
43.971533
769.420149
-157.346857
-61.804154
-1027.954462
239.406139
45.244028
362.786397
-349.566020
1668.396075
2239.065856
-1059.218332
-87.258572
-15.773607
-6780.310449
-57.773421
-545.744786
-1277.199348
-11270.527736
-584.210708
69.240274
1058.316958
5094.850140
-56.971337
-845.857435
-166.697137
39.437314
-100.642009
221.919337
6771.254902
190.753338
-604.186716
13154.091615
-1151.164450
-8918.871220
-13.337786
-4420.625217
-71.519690
523.127328
-110.547665
1769.585887
-534.380556
-6411.764028
147.315668
-66.118674
466.398544
-1450.147054
-15.868355
64.051366
-441.574006
-450.702749
3554.641433
-513.102118
250.577343
-55.731288
-170.711332
42.352908
-1328.961397
398.118364
101.804212
-1889.371033
-430.503927
-624.931977
106.522035
1869.418677
-231.304175
909.616520
-879.463838
-259.106644
-11575.120977
-888.966947
-10254.871721
480.382016
-5272.611456
2036.338621
-138.609451
-202.936171
2355.953629
2118.240240
-479.244027
-1990.740995
1533.722593
-6805.223564
381.172846
4634.497625
9849.263722
-136.557261
-2435.776462
-461.470366
-6389.304397
-416.893993
-11023.954842
6.308029
-598.428794
-4787.367679
-17206.019497
-1851.267433
7806.723773
-5444.620475
7883.469666
127.383883
-13900.089991
761.263981
0.333649
246.857528
-15.505634
57.041550
100.491677
-3531.547888
-1043.149160
-131.304091
6391.280799
657.506314
-98.435803
-147.252757
-847.383978
-1571.761362
1689.229589
2048.340778
1098.367078
-9129.505071
547.277823
1490.126681
-449.934805
134.906898
1.917980
37.041038
-10431.692902
-27.380272
-5166.052024
-2119.446101
259.834635
108.305411
-66.057317
123.054323
-481.623017
-231.278745
-1756.455907
-2902.126030
-338.473273
5785.986454
-3581.542698
1454.027842
1058.114865
-5138.123846
2143.143872
10483.345191
-1842.107998
-25.228298
-2186.401796
2194.780286
903.453054
10166.359258
-184.668625
10745.766228
125.554307
9322.087058
37.296435
-3638.676799
-4533.815775
-1265.637701
-858.881854
-4704.579760
990.236535
534.355267
-4135.409579
1342.812808
22524.220953
-2954.506721
24582.447794
7574.046080
30390.177460
-278.938845
8364.462479
25613.074525
98.919367
5960.685715
-654.331273
-1109.914752
-3538.693617
-46.256802
22881.895365
12378.854926
-2.998669
63.788788
-561.512542
5420.079014
455.310837
-2377.350147
438.295364
-11631.591371
-80.438945
602.372654
19435.117948
9925.302558
747.170502
-2400.865567
3535.662457
11354.950854
-901.494423
-2328.762215
-55.232493
-624.730891
-4592.920884
-5076.477644
3681.427427
5374.526276
239.490191
92.966734
-2292.458680
-296.476793
16396.082680
-34.900216
4280.067593
0.317982
-2.531294
88.691733
-6759.686288
-5876.073569
-2250.451415
-25675.657299
240.934630
-1048.959459
8.630705
3.796238
3601.594008
9094.475556
-1056.031910
26251.596231
2784.865879
6213.758446
1242.198520
3241.579427
5832.239329
1951.985830
2516.466524
-1302.545667
5576.345389
4514.287152
4981.996125
-6592.139215
1406.357790
83.177163
-18694.390061
23207.103662
9501.180199
6196.462922
44.933951
6229.994646
6524.682439
959.588073
363.054333
5539.549026
11.515280
-34784.994265
-7960.980321
-5850.843135
3072.862468
-4917.869570
-3082.139708
-12771.613837
-9329.487373
5699.512086
249.303192
-33.345796
857.943751
837.710845
841.620136
-1572.472007
993.085266
-2322.873824
15946.987445
4983.997934
-10921.023320
-4596.724622
-10736.372727
-276.854392
1930.302218
-7774.403017
-4724.864237
-42.830838
2.167994
-404.206794
-2571.444633
-15009.864706
72.274005
15887.862098
-33453.617262
2940.651916
432.696541
7766.739587
-1429.973824
3727.069205
1394.216302
4873.235796
-634.638202
10247.759328
-537.857648
773.248909
389.562134
79.816407
-34037.531212
-4703.252044
1413.735079
769.600646
-20441.579890
-612.153595
30134.323433
-3183.746874
-396.334410
5817.280948
138.924934
2796.863646
-4830.074222
-287.110814
-38572.511057
12421.547149
1947.380283
2726.885235
49.881607
-16367.655838
-531.147003
-2557.350993
2807.370948
23759.195380
24505.995661
-1763.267544
-14303.797203
405.951059
4948.994077
8914.681235
-14814.304166
132.108113
-397.875176
2086.147101
21756.919051
12384.504040
3826.069141
-7386.693692
4046.381205
-11351.449267
-8310.943160
-276.442011
5366.041501
4529.015833
-56860.401615
-2830.390022
14058.197336
40.604958
-20488.013606
12.803338
-11019.960391
-61.329645
167.143816
-1501.606341
-10.126418
-12285.843355
-7608.716282
6981.769800
-20759.424790
377.884654
40818.566767
3581.424837
-23354.961457
2405.450266
-137.906174
-8449.775247
-25.720042
3196.950547
45359.540202
-22385.450796
13809.279096
3733.494832
17471.367078
-1547.740134
6923.802619
-28990.150013
-15887.774173
-1003.642551
-3454.201140
1862.851311
4635.966634
5121.866881
-39.966206
-11050.836687
-3799.331770
20.978873
40902.563682
-28878.381769
1707.617500
1074.207970
1115.891183
3315.295921
9874.461589
25470.072325
-23885.447026
-15684.322787
2396.182038
10325.583650
31956.177679
8822.785906
-3341.561479
-694.592067
25771.124725
4401.391839
160.052276
2914.942690
-446.709889
-6058.495670
19484.678643
-946.501120
14938.690147
11084.370569
-2985.096336
7327.999705
1183.637484
5457.990484
31126.537345
3387.691064
-17712.246340
-750.455493
-8423.035575
-1432.636752
20633.997109
-129.986354
7184.534189
6838.841861
-41307.888091
12807.415587
19551.063821
-11285.289378
182.915059
73.105266
-25.817463
19875.676995
-27446.604940
4671.880781
-11145.226107
3777.954915
-59285.565626
984.794305
11.597590
5274.186901
-9693.793196
-31394.299443
4644.806456
10887.262639
-66.106563
-13944.570150
19670.437402
-6451.788431
-43.934595
1274.081706
-1644.684221
54247.605488
-1077.190573
-23626.345598
44.212783
13996.598370
4991.431590
5820.179859
87284.827217
24639.595357
-852.857443
-19993.879898
47.073556
-26.423760
-23620.478668
4412.122623
-6185.995037
17538.793726
-17817.857813
-31270.637683
-24915.227919
-46045.907907
-10187.417690
-11185.380357
-3007.104936
9255.786097
2399.377290
-8644.455541
-76758.217555
3944.854526
-46295.919610
708.688182
-10043.222756
4942.377067
1842.615676
5386.773600
-6917.820450
480.835027
-1104.934525
783.368341
495.151772
8989.888715
136.894615
33782.839011
55.724645
4971.330554
-3837.720343
-32079.093578
-3316.181672
83998.248829
-6008.257246
13484.741092
-57069.841721
-2840.347438
-2912.683879
61998.943589
13394.128156
-39.421754
311.623739
-4141.052023
-14656.426400
-840.981858
1144.258931
26869.929811
11135.946434
10157.670161
-3905.771019
194.065319
-2223.496273
-18030.015092
4.221611
-6926.615568
-27.372964
-104.438390
7503.025374
3767.909434
-6014.557871
7410.535968
-3484.353953
39241.468205
62619.590722
-8934.312730
-8268.564103
-2941.158318
-1894.277179
-2433.760774
-6706.625314
23327.039438
-59970.192740
-1.158744
2153.750894
7712.882089
3403.651206
-101709.272236
1026.846888
380.600528
-61128.704625
-29463.676665
-15802.817693
-29581.403137
-582.238800
-8134.968584
10895.690085
-5446.546153
27468.878411
-20566.224154
2165.764203
18410.563085
-55065.600081
-47356.001882
2660.155783
-41372.628120
-23380.710976
-3677.109727
6395.335713
16107.380625
14550.575618
12854.912853
7.610580
669.243941
-20834.367674
12150.202134
-4132.191970
-142802.556160
14459.722611
-19076.223343
-6213.639549
-76661.780656
-7556.230781
1571.340161
-1444.418568
-253.467861
661.755094
919.111778
-14758.461660
-49050.626362
5919.613643
4755.096339
-212.427816
2798.327607
1361.884036
-728.403291
-43268.943548
-1766.616148
-2179.257976
11526.413587
-4752.998199
1378.237525
403.853472
221.797737
-25554.569560
31418.278457
-53.100185
1365.490924
-18903.715759
-3617.712379
-21824.218968
-15155.471502
-2015.337574
58.436238
-34086.116435
-3585.615199
42.378327
3049.153546
12388.933222
-269.097290
6368.771742
4287.318441
-1132.539456
-2655.643042
63206.314713
-66328.933655
-76322.153182
-914.270588
9214.188163
-2664.413156
8097.133338
-349.177279
-2350.806391
32745.214039
-2557.890987
-1795.507339
-7568.642611
1354.582440
3635.365310
10153.864054
-139471.628766
-147543.152747
-45005.009224
-10061.233688
53259.898582
19753.926666
-1669.059850
8.917400
225.967372
-17592.428660
-949.381138
-30237.598530
47941.661236
-21132.818710
2711.787912
-2466.660320
108.307295
104371.138794
44467.660815
-34850.913879
5426.623981
653.733855
83573.177573
-9379.626810
53171.750218
-25980.150015
-13414.453881
34261.561318
591.397118
23594.762167
-168.083781
32071.729517
1093.578738
-68016.949808
21283.799996
-7836.249603
206.516875
4632.868641
-3899.409873
1017.568129
-1105.015335
-10198.921579
15910.888735
-6392.517048
19424.874112
499.444529
-3.582895
-186350.725819
51724.022682
97378.349827
-11292.303682
-71.507150
50726.369708
442.448676
-4655.318383
-10199.653584
-5331.831573
21647.978571
-36748.210058
-14386.276191
-15187.309744
-6113.193406
-79699.434600
-36646.308264
4170.072552
-106049.963156
-12475.023971
4810.448563
2069.110708
-4205.688466
-663.479002
1095.927334
172.000960
1389.360129
23732.628581
-31542.991870
-101880.016910
29261.710871
55251.712517
20757.126676
1300.356140
-7029.589193
-139837.893827
-3322.394456
6099.740916
-55476.894697
-16083.190479
-10389.352056
-1597.783701
-13557.841122
-81.755188
-6946.465788
-4722.062308
-6336.079126
1103.543883
-15717.884914
3635.922498
1583.206340
-22715.924707
-4519.097618
-280.996722
-275.680537
1634.224788
-3728.945475
-35871.728679
27849.623660
14830.241427
22041.959855
-9234.659046
-37295.321028
157127.323274
18963.052445
-14295.790108
10911.677307
27.571957
183259.332889
-88545.292169
84379.922899
3822.153540
-5159.486609
-20.907023
64539.442580
-66574.402399
25181.026283
93.174662
-20272.694376
33062.429831
8208.842093
-118.266843
-13611.949047
-3061.019127
-1053.713503
-10587.721523
-5398.177402
1338.507898
4429.239645
-13685.796877
-49833.005568
-15240.666606
-125.864842
1120.981974
5860.394438
136613.516237
-609.353879
12065.061394
-217609.904040
-8566.847513
-410835.566551
-2847.132339
16625.162842
12009.334375
-6918.524112
137.063612
-4927.864959
-611.787790
94705.024025
72573.534674
-522.949507
-6743.104048
-6324.282122
5854.005450
94027.982798
826.891000
2495.199794
45516.110951
19949.279518
-5125.700137
-95456.308930
-33845.004649
39282.560653
2274.053826
-185945.744236
4812.328478
40183.268111
