0.000322
0.000554
0.000775
0.001013
0.001258
0.001496
0.001753
0.001991
0.002253
0.002414
0.002671
0.002927
0.003178
0.003440
0.003548
0.003804
0.004055
0.004311
0.004574
0.004830
0.005105
0.005374
0.005434
0.005679
0.005947
0.006216
0.006485
0.006760
0.007035
0.007035
0.007304
0.007579
0.007855
0.008136
0.008429
0.008710
0.008645
0.008915
0.009202
0.009490
0.009778
0.010071
0.010365
0.010659
0.010529
0.010817
0.011105
0.011405
0.011699
0.012011
0.012336
0.012152
0.012458
0.012753
0.013060
0.013367
0.013674
0.013987
0.013755
0.014069
0.014364
0.014690
0.015009
0.015329
0.015643
0.015969
0.015672
0.015986
0.016312
0.016633
0.016984
0.017304
0.017649
0.017292
0.017614
0.017953
0.018280
0.018626
0.018936
0.019294
0.018871
0.019211
0.019545
0.019886
0.020239
0.020580
0.020933
0.021280
0.020803
0.021151
0.021751
0.022117
0.022472
0.021953
0.022301
0.022656
0.023011
0.023372
0.023733
0.024107
0.024499
0.023901
0.024275
0.024638
0.025018
0.025387
0.025762
0.026144
0.025491
0.025879
0.026279
0.026661
0.027050
0.027439
0.027822
0.028211
0.027498
0.027900
0.028277
0.028668
0.029076
0.029479
0.029882
0.029102
0.029505
0.029909
0.030325
0.030706
0.031122
0.031534
0.031945
0.031468
0.031874
0.032292
0.032711
0.033142
0.032257
0.032682
0.033090
0.033516
0.033936
0.034369
0.034796
0.035242
0.034295
0.034716
0.035151
0.035592
0.036021
0.036456
0.036911
0.035950
0.036392
0.036816
0.037266
0.037716
0.038172
0.038610
0.037550
0.038013
0.038458
0.038922
0.039368
0.039833
0.040305
0.040765
0.039635
0.040089
0.040561
0.041035
0.041496
0.040785
0.041259
0.041740
0.042197
0.042685
0.043161
0.043651
0.044134
0.042901
0.043373
0.043857
0.044348
0.044840
0.045326
0.045831
0.044534
0.045027
0.045508
0.046015
0.046509
0.047023
0.047582
0.046226
0.046734
0.047231
0.047741
0.048258
0.048781
0.049287
0.049805
0.048396
0.048890
0.049428
0.049948
0.050475
0.050997
0.051531
0.052067
0.051301
0.051837
0.052374
0.052905
0.051377
0.051908
0.052446
0.052998
0.053550
0.054097
0.054651
0.055199
0.053596
0.054145
0.054707
0.055263
0.055820
0.056378
0.057019
0.055342
0.055914
0.056480
0.057034
0.057621
0.058183
0.058758
0.059341
0.057614
0.058178
0.058762
0.059346
0.059932
0.060518
0.061118
0.059310
0.059897
0.060492
0.061087
0.062384
0.060533
0.061130
0.061721
0.062339
0.062933
0.063546
0.064161
0.064763
0.062847
0.063470
0.064086
0.064710
0.065322
0.065948
0.066575
0.064588
0.065209
0.065843
0.066466
0.067109
0.067825
0.068470
0.069110
0.067050
0.067690
0.068331
0.068973
0.069616
0.070280
0.070932
0.068818
0.069476
0.070123
0.070771
0.071446
0.072109
0.072779
0.073451
0.071243
0.071915
0.073387
0.074069
0.074758
0.072504
0.073173
0.073851
0.074543
0.075223
0.075917
0.076606
0.077309
0.074985
0.075695
0.076380
0.077086
0.077800
0.078489
0.079206
0.076811
0.077521
0.078340
0.079039
0.079767
0.080489
0.081220
0.078754
0.079471
0.080209
0.080922
0.081657
0.082400
0.083151
0.083903
0.081337
0.082076
0.082816
0.083571
0.084328
0.085066
0.085819
0.086600
0.084928
0.085677
0.086440
0.087205
0.087986
0.085308
0.086068
0.086843
0.087613
0.088385
0.089185
0.089974
0.087221
0.088002
0.088792
0.089584
0.090378
0.091159
0.091976
0.092774
0.090061
0.090867
0.091674
0.092476
0.093293
0.094105
0.094919
0.092032
0.092846
0.093654
0.094500
0.095326
0.096161
0.096984
0.097837
0.094847
0.095679
0.096527
0.097355
0.098214
0.099421
0.096353
0.097214
0.098069
0.098920
0.099793
0.100655
0.101518
0.102391
0.099267
0.100125
0.101014
0.101883
0.102776
0.103642
0.104546
0.105431
0.102193
0.103092
0.103979
0.105020
0.105932
0.106847
0.107750
0.104427
0.105359
0.106263
0.107177
0.108094
0.109012
0.109948
0.106575
0.107517
0.108433
0.109366
0.110301
0.111245
0.112192
0.113134
0.109671
0.111845
0.112805
0.113760
0.114740
0.111201
0.112151
0.113111
0.114073
0.115068
0.116028
0.117020
0.118023
0.114397
0.115369
0.116359
0.117359
0.118354
0.119359
0.120359
0.116640
0.117648
0.118809
0.119830
0.120846
0.121856
0.122885
0.119087
0.120123
0.121132
0.122166
0.123195
0.124250
0.125293
0.126339
0.122440
0.123501
0.124549
0.125592
0.126669
0.127711
0.128802
0.126230
0.127299
0.128379
0.129447
0.130548
0.131630
0.127568
0.128649
0.129741
0.130844
0.131942
0.133075
0.134180
0.130015
0.131135
0.132250
0.133361
0.134483
0.135608
0.136753
0.138076
0.133818
0.134950
0.136085
0.137224
0.138382
0.139544
0.140693
0.136360
0.137524
0.138685
0.139873
0.141032
0.142211
0.143394
0.144597
0.140133
0.141319
0.142517
0.143718
0.144924
0.142011
0.143227
0.144421
0.145644
0.146879
0.148102
0.149337
0.150567
0.145932
0.147162
0.148429
0.149676
0.150926
0.152197
0.153448
0.148712
0.149953
0.151232
0.152490
0.153777
0.152165
0.153659
0.154938
0.156231
0.157544
0.158845
0.153947
0.155239
0.156552
0.157878
0.159192
0.160544
0.161884
0.156870
0.158192
0.159527
0.160858
0.162220
0.163578
0.164941
0.166326
0.163038
0.164416
0.165791
0.167180
0.168573
0.163344
0.164737
0.166143
0.167528
0.168936
0.170349
0.171785
0.173208
0.167875
0.169297
0.170733
0.172184
0.173632
0.175075
0.176543
0.171072
0.172764
0.174236
0.175705
0.177170
0.178659
0.180163
0.181654
0.176072
0.177553
0.179067
0.180597
0.182114
0.183636
0.185175
0.179457
0.180993
0.182536
0.184076
0.185632
0.187202
0.183425
0.184989
0.186550
0.188136
0.189728
0.191318
0.192923
0.186981
0.188576
0.190177
0.191813
0.193437
0.195068
0.196716
0.198360
0.192262
0.193896
0.195565
0.197213
0.198896
0.200830
0.202548
0.196299
0.197976
0.199681
0.201363
0.203081
0.204788
0.206532
0.200155
0.201908
0.203648
0.205405
0.207141
0.208914
0.210695
0.212453
0.205927
0.207704
0.209489
0.211303
0.215485
0.208826
0.210642
0.212444
0.214276
0.216116
0.217975
0.219832
0.221698
0.214899
0.216794
0.218667
0.220538
0.222439
0.224328
0.226247
0.219293
0.221210
0.223126
0.225062
0.227315
0.229248
0.231213
0.233197
0.226061
0.228044
0.230004
0.232028
0.234030
0.236030
0.238073
0.230781
0.232811
0.234841
0.236892
0.238953
0.241013
0.243095
0.245199
0.237722
0.240681
0.242796
0.244922
0.247036
0.249172
0.241530
0.243665
0.245833
0.247990
0.250147
0.252384
0.254587
0.256801
0.248972
0.251173
0.253386
0.255623
0.257871
0.260132
0.262405
0.254769
0.257029
0.259326
0.261623
0.263945
0.266268
0.268615
0.270970
0.262751
0.265098
0.267488
0.269880
0.272273
0.274686
0.277119
0.268684
0.271097
0.273536
0.275995
0.278456
0.273008
0.275488
0.277958
0.280473
0.283010
0.285549
0.288097
0.290680
0.281847
0.284415
0.287004
0.289642
0.292250
0.294894
0.297541
0.300224
0.291145
0.293813
0.296491
0.299199
0.301917
0.305086
0.307853
0.298558
0.301303
0.304073
0.306874
0.309679
0.312510
0.315358
0.305835
0.308722
0.311588
0.314472
0.317362
0.320292
0.323247
0.326209
0.316413
0.319380
0.322360
0.328969
0.332002
0.322033
0.325043
0.328095
0.331189
0.334276
0.337414
0.340566
0.343732
0.333504
0.336677
0.339858
0.343091
0.346318
0.349590
0.352886
0.342312
0.345592
0.348896
0.352718
0.356087
0.359473
0.362892
0.366329
0.355453
0.358882
0.362360
0.365841
0.369356
0.372897
0.376536
0.365375
0.368921
0.372533
0.376142
0.379811
0.383501
0.387220
0.390968
0.379421
0.387554
0.391358
0.395193
0.399050
0.387264
0.391139
0.395004
0.398935
0.402889
0.406885
0.410990
0.398856
0.402887
0.406935
0.411034
0.415169
0.419330
0.423527
0.427769
0.415261
0.420085
0.424370
0.428683
0.433044
0.437425
0.441891
0.428980
0.433431
0.437896
0.442428
0.447048
0.451655
0.456305
0.461007
0.447648
0.452336
0.457098
0.461885
0.473378
0.459752
0.464632
0.469539
0.474505
0.479518
0.484591
0.489772
0.475673
0.480804
0.485977
0.491212
0.496499
0.501841
0.507237
0.512657
0.498063
0.504206
0.509740
0.515321
0.520950
0.526640
0.532400
0.517297
0.523071
0.528887
0.534777
0.540743
0.546840
0.552938
0.537323
0.543439
0.549601
0.555857
0.562183
0.568549
0.575045
0.581582
0.571840
0.578437
0.585112
0.591878
0.598725
0.582079
0.588923
0.595892
0.602917
0.610046
0.617351
0.624642
0.632031
0.614693
0.622096
0.629633
0.637248
0.644969
0.652758
0.660690
0.643592
0.651558
0.659617
0.667793
0.676093
0.684488
0.693019
0.674305
0.682853
0.691542
0.700475
0.709415
0.718478
0.727687
0.737031
0.717488
0.726891
0.736420
0.746108
0.755944
0.744169
0.754121
0.764259
0.774533
0.784986
0.795605
0.806388
0.817362
0.796271
0.807329
0.818571
0.830117
0.841751
0.853575
0.865594
0.843595
0.855749
0.868109
0.880689
0.893488
0.906536
0.921105
0.934632
0.911579
0.925284
0.939250
0.953475
0.967986
0.982762
0.997859
0.973762
0.989214
1.004803
1.020743
1.037005
1.053609
1.070577
1.087878
1.062619
1.080227
1.098226
1.129275
1.148252
1.122163
1.141489
1.161259
1.181511
1.202251
1.223486
1.245245
1.267535
1.240518
1.263323
1.286701
1.310721
1.335368
1.360714
1.386715
1.358430
1.385135
1.412582
1.442863
1.472003
1.501984
1.532881
1.503737
1.535600
1.568530
1.602467
1.637533
1.673777
1.711225
1.750292
1.720794
1.761075
1.802831
1.846143
1.891126
1.937783
1.986281
1.957307
2.015798
2.068937
2.124339
2.182149
2.242520
2.305679
2.279348
2.346351
2.416600
2.490338
2.568375
2.650010
2.736058
2.826868
2.809327
2.907690
3.011949
3.122734
3.240676
3.366442
3.505775
3.507997
3.657647
3.818801
3.992830
4.181364
4.386390
4.609925
4.854764
4.925223
5.212427
5.532482
5.889137
6.290408
6.745147
7.264844
7.558618
8.232684
9.029337
9.985236
11.153618
12.258661
14.085543
16.521399
19.931501
25.046665
33.572552
50.623196
101.775238
Inf
NaN
