0.000393
0.000620
0.000846
0.001079
0.001329
0.001568
0.001818
0.002063
0.002313
0.002486
0.002742
0.002999
0.003243
0.003506
0.003619
0.003870
0.004126
0.004377
0.004645
0.004896
0.005165
0.005231
0.005487
0.005744
0.006013
0.006282
0.006545
0.006820
0.007100
0.007095
0.007370
0.007639
0.007920
0.008196
0.008483
0.008770
0.008699
0.008981
0.009268
0.009556
0.009825
0.010119
0.010419
0.010707
0.010588
0.010876
0.011176
0.011471
0.011771
0.012077
0.012407
0.012236
0.012536
0.012837
0.013132
0.013445
0.013752
0.014065
0.013839
0.014134
0.014442
0.014761
0.015075
0.015389
0.015715
0.016041
0.015744
0.016058
0.016372
0.016705
0.017043
0.017370
0.017709
0.017358
0.017680
0.018001
0.018334
0.018668
0.019008
0.019366
0.018955
0.019295
0.019618
0.019970
0.020317
0.020652
0.020999
0.021358
0.020881
0.021229
0.021830
0.022190
0.022532
0.022007
0.022367
0.022734
0.023095
0.023456
0.023818
0.024185
0.024559
0.023968
0.024336
0.024704
0.025073
0.025454
0.025823
0.026204
0.025564
0.025946
0.026358
0.026734
0.027122
0.027505
0.027900
0.028278
0.027571
0.027960
0.028356
0.028746
0.029155
0.029558
0.029949
0.029181
0.029578
0.029982
0.030374
0.030785
0.031208
0.031619
0.032024
0.031535
0.031941
0.032347
0.032772
0.033197
0.032312
0.032725
0.033151
0.033571
0.033997
0.034424
0.034863
0.035285
0.034344
0.034778
0.035212
0.035647
0.036076
0.036518
0.036953
0.036023
0.036453
0.036896
0.037339
0.037789
0.038227
0.038684
0.037623
0.038074
0.038513
0.038971
0.039436
0.039901
0.040360
0.040833
0.039696
0.040156
0.040629
0.041097
0.041564
0.040859
0.041339
0.041802
0.042271
0.042747
0.043236
0.043712
0.044196
0.042951
0.043447
0.043925
0.044423
0.044902
0.045401
0.045893
0.044596
0.045083
0.045583
0.046083
0.046590
0.047092
0.047657
0.046288
0.046797
0.047306
0.047816
0.048320
0.048844
0.049362
0.049880
0.048446
0.048965
0.049497
0.050017
0.050532
0.051072
0.051594
0.052129
0.051370
0.051913
0.052437
0.052980
0.051433
0.051983
0.052522
0.053073
0.053601
0.054160
0.054726
0.055275
0.053660
0.054202
0.054770
0.055320
0.055877
0.056441
0.057089
0.055419
0.055997
0.056556
0.057117
0.057684
0.058259
0.058834
0.059411
0.057678
0.058248
0.058832
0.059423
0.060009
0.060601
0.061176
0.059367
0.059961
0.060556
0.061158
0.062441
0.060610
0.061194
0.061805
0.062391
0.063016
0.063630
0.064238
0.064834
0.062931
0.063541
0.064157
0.064781
0.065400
0.066032
0.066640
0.064659
0.065286
0.065915
0.066537
0.067168
0.067903
0.068529
0.069188
0.067128
0.067768
0.068403
0.069045
0.069701
0.070339
0.071010
0.068890
0.069549
0.070202
0.070856
0.071518
0.072175
0.072858
0.073524
0.071322
0.071994
0.073466
0.074135
0.074824
0.072576
0.073253
0.073930
0.074609
0.075289
0.075997
0.076679
0.077389
0.075058
0.075748
0.076453
0.077153
0.077860
0.078576
0.079286
0.076885
0.077602
0.078407
0.079113
0.079827
0.080556
0.081280
0.078814
0.079545
0.080270
0.080990
0.081724
0.082467
0.083211
0.083943
0.081411
0.082150
0.082884
0.083639
0.084389
0.085134
0.085894
0.086655
0.084996
0.085745
0.086522
0.087288
0.088061
0.085384
0.086144
0.086912
0.087696
0.088467
0.089261
0.090049
0.087304
0.088078
0.088882
0.089660
0.090447
0.091249
0.092052
0.092844
0.090152
0.090950
0.091743
0.092552
0.093370
0.094182
0.095010
0.092108
0.092923
0.093731
0.094570
0.095396
0.096246
0.097069
0.097915
0.094939
0.095764
0.096604
0.097447
0.098292
0.099478
0.096424
0.097284
0.098126
0.098998
0.099843
0.100719
0.101582
0.102469
0.099317
0.100197
0.101071
0.101948
0.102833
0.103721
0.104597
0.105503
0.102273
0.103157
0.104058
0.105092
0.105997
0.106905
0.107808
0.104500
0.105417
0.106336
0.107250
0.108167
0.109085
0.110021
0.106641
0.107569
0.108492
0.109424
0.110352
0.111297
0.112251
0.113193
0.109722
0.111926
0.112886
0.113849
0.114792
0.111275
0.112233
0.113193
0.114163
0.115135
0.116110
0.117102
0.118097
0.114479
0.115444
0.116419
0.117434
0.118429
0.119427
0.120427
0.116716
0.117723
0.118885
0.119898
0.120899
0.121925
0.122954
0.119155
0.120176
0.121200
0.122227
0.123264
0.124319
0.125347
0.126423
0.122524
0.123562
0.124618
0.125669
0.126747
0.127788
0.128872
0.126284
0.127354
0.128434
0.129509
0.130603
0.131685
0.127638
0.128719
0.129811
0.130899
0.132020
0.133122
0.134243
0.130093
0.131198
0.132305
0.133424
0.134554
0.135680
0.136817
0.138140
0.133882
0.135022
0.136149
0.137296
0.138446
0.139608
0.140773
0.136424
0.137581
0.138749
0.139953
0.141121
0.142300
0.143491
0.144686
0.140222
0.141417
0.142598
0.143800
0.144997
0.142077
0.143292
0.144503
0.145718
0.146937
0.148152
0.149403
0.150634
0.145990
0.147229
0.148496
0.149734
0.150993
0.152256
0.153531
0.148770
0.150028
0.151307
0.152565
0.153844
0.152241
0.153735
0.155023
0.156324
0.157629
0.158947
0.154032
0.155341
0.156654
0.157963
0.159277
0.160639
0.161979
0.156973
0.158304
0.159631
0.160971
0.162307
0.163674
0.165046
0.166431
0.163134
0.164504
0.165879
0.167258
0.168670
0.163441
0.164834
0.166231
0.167616
0.169042
0.170464
0.171900
0.173324
0.167982
0.169404
0.170850
0.172283
0.173722
0.175156
0.176642
0.171162
0.172864
0.174336
0.175805
0.177288
0.178777
0.180281
0.181782
0.176173
0.177672
0.179168
0.180707
0.182224
0.183757
0.185286
0.179586
0.181096
0.182639
0.184188
0.185744
0.187296
0.183537
0.185111
0.186663
0.188249
0.189823
0.191422
0.193037
0.187085
0.188680
0.190282
0.191918
0.193533
0.195174
0.196812
0.198476
0.192369
0.194012
0.195672
0.197329
0.198993
0.200938
0.202636
0.196407
0.198074
0.199789
0.201461
0.203190
0.204897
0.206651
0.200274
0.202017
0.203767
0.205515
0.207251
0.209014
0.210805
0.212564
0.206037
0.207805
0.209590
0.211384
0.215587
0.208939
0.210744
0.212547
0.214389
0.216229
0.218078
0.219946
0.221811
0.215003
0.216878
0.218751
0.220632
0.222533
0.224433
0.226352
0.219398
0.221295
0.223232
0.225146
0.227421
0.229355
0.231330
0.233315
0.226190
0.228152
0.230101
0.232115
0.234116
0.236150
0.238204
0.230923
0.232943
0.234951
0.237024
0.239063
0.241157
0.243217
0.245332
0.237844
0.240793
0.242908
0.245034
0.247148
0.249296
0.241654
0.243789
0.245924
0.248104
0.250284
0.252521
0.254713
0.256928
0.249087
0.251300
0.253502
0.255750
0.257999
0.260260
0.262545
0.254863
0.257112
0.259408
0.261706
0.264052
0.266363
0.268699
0.271054
0.262805
0.265158
0.267560
0.269952
0.272339
0.274759
0.277179
0.268739
0.271170
0.273603
0.276069
0.278524
0.273082
0.275550
0.278045
0.280548
0.283079
0.285612
0.288167
0.290743
0.281916
0.284485
0.287074
0.289725
0.292340
0.294964
0.297631
0.300301
0.291229
0.293904
0.296576
0.299278
0.302003
0.305152
0.307913
0.298624
0.301370
0.304140
0.306934
0.309740
0.312583
0.315425
0.305895
0.308797
0.311656
0.314540
0.317437
0.320374
0.323323
0.326292
0.316489
0.319443
0.322430
0.329039
0.332079
0.322089
0.325128
0.328173
0.331253
0.334362
0.337492
0.340637
0.343805
0.333583
0.336750
0.339938
0.343142
0.346384
0.349656
0.352945
0.342386
0.345666
0.348963
0.352800
0.356169
0.359556
0.362960
0.366413
0.355545
0.358958
0.362429
0.365918
0.369441
0.372990
0.376614
0.365422
0.368999
0.372612
0.376229
0.379906
0.383572
0.387308
0.391056
0.379518
0.387635
0.391431
0.395266
0.399132
0.387354
0.391221
0.395095
0.399026
0.402973
0.406969
0.411057
0.398957
0.402972
0.407037
0.411129
0.415255
0.419425
0.423623
0.427856
0.415349
0.420182
0.424449
0.428772
0.433124
0.437532
0.441989
0.429088
0.433531
0.437996
0.442520
0.447140
0.451756
0.456397
0.461100
0.447750
0.452440
0.457192
0.461980
0.473492
0.459866
0.464737
0.469636
0.474601
0.479625
0.484688
0.489880
0.475801
0.480914
0.486087
0.491312
0.496590
0.501932
0.507328
0.512770
0.498176
0.504320
0.509844
0.515415
0.521066
0.526756
0.532506
0.517414
0.523168
0.529005
0.534907
0.540862
0.546949
0.553048
0.537444
0.543516
0.549713
0.555969
0.562285
0.568662
0.575136
0.581674
0.571955
0.578553
0.585240
0.591996
0.598832
0.582174
0.589030
0.595958
0.602989
0.610101
0.617431
0.624722
0.632106
0.614755
0.622165
0.629702
0.637312
0.645013
0.652836
0.660755
0.643670
0.651617
0.659703
0.667873
0.676160
0.684576
0.693101
0.674374
0.682936
0.691633
0.700565
0.709500
0.718570
0.727780
0.737117
0.717568
0.726964
0.736501
0.746189
0.756011
0.744237
0.754204
0.764320
0.774610
0.785063
0.795691
0.806475
0.817441
0.796359
0.807418
0.818653
0.830207
0.841833
0.853666
0.865678
0.843697
0.855834
0.868212
0.880785
0.893584
0.906634
0.921194
0.934723
0.911670
0.925376
0.939315
0.953550
0.968071
0.982857
0.997937
0.973850
0.989323
1.004902
1.020833
1.037107
1.053702
1.070670
1.087983
1.062714
1.080323
1.098313
1.129374
1.148351
1.122275
1.141603
1.161374
1.181627
1.202322
1.223581
1.245341
1.267614
1.240573
1.263391
1.286771
1.310778
1.335426
1.360774
1.386769
1.358477
1.385176
1.412645
1.442941
1.472060
1.502057
1.532955
1.503804
1.535684
1.568599
1.602553
1.637613
1.673850
1.711316
1.750368
1.720863
1.761162
1.802919
1.846223
1.891208
1.937868
1.986358
1.957395
2.015887
2.069028
2.124442
2.182234
2.242617
2.305779
2.279472
2.346455
2.416707
2.490471
2.568438
2.650074
2.736124
2.826949
2.809403
2.907768
3.012037
3.122817
3.240746
3.366531
3.505867
3.508092
3.657737
3.818885
3.992927
4.181466
4.386496
4.610013
4.854879
4.925321
5.212490
5.532529
5.889215
6.290477
6.745203
7.264922
7.558702
8.232776
9.029414
9.985345
11.153679
12.258744
14.085621
16.521481
19.931599
25.046719
33.572624
50.623257
101.775322
Inf
NaN
