-0.000018
0.001508
0.003095
0.004621
0.006147
0.007673
0.009199
0.010724
0.012250
0.013776
0.015345
0.016871
0.018397
0.019922
0.021448
0.023034
0.024560
0.026085
0.027610
0.029136
0.030660
0.032186
0.033772
0.035297
0.036822
0.038346
0.039871
0.041396
0.042920
0.044445
0.046030
0.047552
0.049076
0.050600
0.052124
0.053648
0.055171
0.056756
0.058279
0.059802
0.061325
0.062848
0.064371
0.065893
0.067416
0.068999
0.070521
0.072043
0.073565
0.075087
0.076608
0.078124
0.079706
0.081227
0.082747
0.084268
0.085788
0.087308
0.088828
0.090409
0.091928
0.093447
0.094966
0.096485
0.098004
0.099522
0.101041
0.102619
0.104137
0.105654
0.107172
0.108686
0.110203
0.111720
0.113296
0.114812
0.116328
0.117843
0.119358
0.120873
0.122388
0.123962
0.125476
0.126990
0.128503
0.130016
0.131529
0.133042
0.134554
0.136126
0.137638
0.139132
0.140642
0.142153
0.143724
0.145233
0.146743
0.148252
0.149761
0.151269
0.152778
0.154285
0.155853
0.157360
0.158867
0.160373
0.161879
0.163384
0.164890
0.166455
0.167959
0.169461
0.170964
0.172468
0.173970
0.175473
0.176975
0.178536
0.180038
0.181538
0.183039
0.184538
0.186038
0.187537
0.189095
0.190593
0.192091
0.193588
0.195085
0.196581
0.198077
0.199573
0.201111
0.202605
0.204099
0.205593
0.207086
0.208638
0.210130
0.211622
0.213113
0.214603
0.216093
0.217583
0.219072
0.220620
0.222108
0.223595
0.225082
0.226569
0.228055
0.229540
0.231082
0.232566
0.234050
0.235533
0.237016
0.238498
0.239980
0.241520
0.243000
0.244480
0.245959
0.247438
0.248916
0.250394
0.251871
0.253406
0.254882
0.256357
0.257832
0.259306
0.260821
0.262294
0.263766
0.265238
0.266708
0.268179
0.269648
0.271117
0.272645
0.274112
0.275579
0.277046
0.278512
0.279977
0.281441
0.282964
0.284427
0.285889
0.287351
0.288812
0.290273
0.291731
0.293248
0.294707
0.296164
0.297621
0.299078
0.300533
0.301988
0.303443
0.304954
0.306407
0.307859
0.309311
0.310761
0.312211
0.313660
0.315167
0.316594
0.318041
0.319487
0.320932
0.322435
0.323879
0.325322
0.326765
0.328206
0.329647
0.331087
0.332527
0.334023
0.335461
0.336898
0.338334
0.339770
0.341204
0.342636
0.344127
0.345559
0.346990
0.348421
0.349851
0.351280
0.352708
0.354136
0.355619
0.357045
0.358470
0.359894
0.361317
0.362739
0.364161
0.365638
0.367058
0.368477
0.369895
0.371296
0.372769
0.374185
0.375599
0.377013
0.378426
0.379838
0.381249
0.382659
0.384125
0.385533
0.386940
0.388347
0.389752
0.391157
0.392561
0.394020
0.395422
0.396823
0.398223
0.399622
0.401019
0.402416
0.403812
0.405264
0.406658
0.408052
0.409444
0.410836
0.412226
0.413616
0.415060
0.416448
0.417835
0.419221
0.420605
0.421989
0.423372
0.424754
0.426190
0.427570
0.428933
0.430311
0.431688
0.433119
0.434494
0.435868
0.437240
0.438612
0.439983
0.441353
0.442721
0.444144
0.445510
0.446876
0.448240
0.449604
0.450966
0.452328
0.453742
0.455101
0.456458
0.457815
0.459171
0.460526
0.461880
0.463287
0.464638
0.465989
0.467339
0.468687
0.470034
0.471380
0.472726
0.474123
0.475466
0.476808
0.478149
0.479488
0.480827
0.482164
0.483554
0.484874
0.486208
0.487540
0.488872
0.490203
0.491585
0.492913
0.494240
0.495566
0.496891
0.498214
0.499537
0.500911
0.502231
0.503550
0.504868
0.506184
0.507499
0.508814
0.510127
0.511489
0.512800
0.514109
0.515417
0.516724
0.518030
0.519335
0.520690
0.521992
0.523293
0.524592
0.525891
0.527188
0.528484
0.529779
0.531124
0.532416
0.533707
0.534997
0.536286
0.537568
0.538905
0.540190
0.541474
0.542756
0.544037
0.545316
0.546595
0.547872
0.549199
0.550473
0.551746
0.553018
0.554289
0.555558
0.556826
0.558093
0.559409
0.560673
0.561936
0.563196
0.564456
0.565715
0.566973
0.568279
0.569534
0.570788
0.572040
0.573291
0.574540
0.575788
0.577085
0.578331
0.579575
0.580817
0.582059
0.583299
0.584538
0.585775
0.587060
0.588281
0.589514
0.590746
0.591976
0.593255
0.594482
0.595709
0.596934
0.598157
0.599379
0.600600
0.601819
0.603086
0.604302
0.605517
0.606731
0.607943
0.609154
0.610363
0.611619
0.612826
0.614029
0.615233
0.616435
0.617636
0.618835
0.620081
0.621277
0.622472
0.623666
0.624858
0.626048
0.627237
0.628425
0.629658
0.630843
0.632026
0.633208
0.634388
0.635567
0.636744
0.637954
0.639128
0.640301
0.641473
0.642642
0.643811
0.645024
0.646189
0.647353
0.648515
0.649676
0.650835
0.651993
0.653195
0.654350
0.655503
0.656655
0.657805
0.658953
0.660100
0.661244
0.662434
0.663576
0.664717
0.665856
0.666993
0.668130
0.669264
0.670442
0.671574
0.672703
0.673832
0.674958
0.676083
0.677207
0.678329
0.679494
0.680613
0.681730
0.682845
0.683959
0.685103
0.686214
0.687323
0.688431
0.689537
0.690641
0.691744
0.692845
0.693988
0.695086
0.696182
0.697276
0.698369
0.699461
0.700550
0.701682
0.702768
0.703853
0.704936
0.706018
0.959544
0.708194
0.709271
0.710346
0.711419
0.712490
0.713603
0.714671
0.715737
0.716802
0.717865
0.718927
0.719986
0.721087
0.722143
0.723198
0.724251
0.725302
0.726352
0.727400
0.728446
0.729520
0.730563
0.731604
0.732644
0.733681
0.734759
0.735793
0.736825
0.737856
0.738885
0.739912
0.740938
0.741962
0.743025
0.744045
0.745064
0.746080
0.747096
0.748109
0.749121
0.750171
0.751178
0.752184
0.753189
0.754191
0.755193
0.756192
0.757189
0.758225
0.759219
0.760211
0.761202
0.762190
0.763177
0.764162
0.765185
0.766166
0.767146
0.768124
0.769100
0.770074
0.771075
0.772046
0.773014
0.773982
0.774947
0.775910
0.776872
0.777870
0.778828
0.779784
0.780739
0.781691
0.782642
0.783591
0.784538
0.785521
0.786464
0.787406
0.788345
0.789283
0.790218
0.791152
0.792122
0.793052
0.793981
0.794907
0.795832
0.796755
0.797677
0.798633
0.799550
0.800465
0.801379
0.802291
0.803201
0.804109
0.805015
0.805955
0.806858
0.807758
0.808657
0.809543
0.810474
0.811367
0.812258
0.813147
0.814034
0.814919
0.815803
0.816684
0.817599
0.818476
0.819352
0.820226
0.821098
0.821968
0.822836
0.823737
0.824601
0.825463
0.826323
0.827181
0.828037
0.828892
0.829778
0.830629
0.831478
0.832324
0.833169
0.834012
0.834853
0.835692
0.836562
0.837397
0.838230
0.839061
0.839891
0.840718
0.841543
0.842366
0.843220
0.844037
0.844854
0.845669
0.846483
0.847294
0.848136
0.848943
0.849749
0.850552
0.851354
0.852153
0.852950
0.853746
0.854571
0.855362
0.856152
0.856939
0.857725
0.858508
0.859290
0.860099
0.860877
0.861652
0.862425
0.863197
0.863966
0.864734
0.865499
0.866293
0.867054
0.867813
0.868570
0.869325
0.870078
0.870830
0.871609
0.872356
0.873100
0.873843
0.874584
0.875315
0.876081
0.876816
0.877548
0.878279
0.879007
0.879734
0.880458
0.881210
0.881930
0.882648
0.883364
0.884078
0.884791
0.885501
0.886208
0.886943
0.887646
0.888348
0.889048
0.889745
0.890440
0.891133
0.891852
0.892541
0.893228
0.893913
0.894596
0.895277
0.895956
0.896659
0.897334
0.898006
0.898676
0.899345
0.900011
0.900675
0.901337
0.902023
0.902681
0.903336
0.903982
0.904634
0.905309
0.905956
0.906601
0.907244
0.907884
0.908523
0.909160
0.909794
0.910451
0.911081
0.911709
0.912335
0.912959
0.913580
0.914200
0.914842
0.915457
0.916070
0.916680
0.917289
0.917895
0.918500
0.919102
0.919726
0.920324
0.920920
0.921513
0.922105
0.922694
0.923281
0.923890
0.924473
0.925053
0.925632
0.926208
0.926782
0.927354
0.927924
0.928515
0.929074
0.929637
0.930198
0.930757
0.931336
0.931891
0.932443
0.932993
0.933541
0.934087
0.934631
0.935194
0.935733
0.936270
0.936805
0.937338
0.937869
0.938397
0.938923
0.939468
0.939989
0.940509
0.941026
0.941541
0.942054
0.942565
0.943094
0.943600
0.944104
0.944606
0.945106
0.945603
0.946099
0.946592
0.947102
0.947591
0.948077
0.948561
0.949036
0.949535
0.950013
0.950488
0.950961
0.951432
0.951901
0.952367
0.952850
0.953312
0.953771
0.954229
0.954684
0.955137
0.955588
0.956036
0.956501
0.956944
0.957386
0.957825
0.958263
0.958698
0.959131
0.959578
0.960007
0.960433
0.960857
0.961278
0.961698
0.962115
0.962546
0.962959
0.963369
0.963777
0.964183
0.964587
0.964988
0.965387
0.965795
0.966190
0.966582
0.966972
0.967360
0.967761
0.968144
0.968525
0.968904
0.969280
0.969654
0.970026
0.970396
0.970778
0.971143
0.971506
0.971866
0.972225
0.972581
0.972934
0.973299
0.973648
0.973995
0.974340
0.974682
0.975022
0.975360
0.975709
0.976042
0.976373
0.976701
0.977028
0.977352
0.977673
0.977993
0.978323
0.978638
0.978950
0.979261
0.979569
0.979883
0.980186
0.980488
0.980786
0.981083
0.981377
0.981669
0.981959
0.982258
0.982543
0.982825
0.983106
0.983384
0.983660
0.983933
0.984215
0.984484
0.984751
0.985015
0.985277
0.985537
0.985794
0.986049
0.986312
0.986562
0.986811
0.987057
0.987300
0.987541
0.987780
0.988026
0.988261
0.988493
0.988722
0.988950
0.989175
0.989397
0.989618
0.989845
0.990060
0.990274
0.990483
0.990692
0.990906
0.991110
0.991312
0.991512
0.991709
0.991904
0.992097
0.992287
0.992482
0.992668
0.992851
0.993032
0.993211
0.993387
0.993561
0.993740
0.993909
0.994076
0.994241
0.994403
0.994563
0.994721
0.994882
0.995035
0.995186
0.995334
0.995480
0.995624
0.995766
0.995905
0.996047
0.996181
0.996313
0.996443
0.996571
0.996696
0.996818
0.996944
0.997061
0.997177
0.997290
0.997402
0.997510
0.997617
0.997725
0.997827
0.997926
0.998023
0.998118
0.998210
0.998300
0.998388
0.998477
0.998560
0.998641
0.998719
0.998795
0.998869
0.998940
0.999012
0.999079
0.999143
0.999205
0.999265
0.999322
0.999377
0.999430
0.999482
0.999530
0.999575
0.999619
0.999660
0.999698
0.999735
0.999770
0.999802
0.999831
0.999858
0.999882
0.999905
0.999925
0.999942
0.999958
0.999971
0.999981
0.999989
0.999995
0.999999
