0.000000
-0.262396
0.065472
-0.083351
-0.500965
-0.497540
-1.184338
0.059131
0.727562
2.926421
0.715083
1.100065
2.480688
3.007209
-1.034161
-0.109589
-2.071475
-1.973274
4.537567
5.921079
2.205055
-1.065503
-0.241410
2.826098
-3.506504
-12.135235
-0.094451
6.038468
4.496905
0.175401
7.548150
3.110243
-4.358515
-7.240228
10.250589
14.505273
-6.059605
-7.614408
1.550320
3.924733
-5.830187
-3.345074
13.117874
-4.455315
25.710040
9.631316
30.413146
2.007690
-4.768019
8.540244
-2.417394
6.281312
1.064919
18.008038
3.250624
2.380348
-22.171758
23.223483
10.489517
1.432742
42.846867
4.297407
-24.101684
11.587402
-8.410447
0.906871
-34.567296
24.214767
-2.814919
4.798672
27.118101
21.239504
-6.778166
9.536765
-6.771338
-0.542955
-11.790399
2.035297
44.946942
26.961875
1.806514
-0.207157
6.571837
23.988533
11.679619
-40.679606
-0.821618
-5.017763
1.230142
23.692999
24.003784
9.486747
20.009128
11.859019
1.571309
21.542490
-0.254377
0.278944
-0.282643
-5.882655
-27.071497
-25.737520
10.417546
-73.620106
15.029327
-2.733830
-19.780809
1.540524
16.271070
-3.009205
44.932736
9.717077
8.753382
-5.380612
-7.517007
4.562860
-0.628809
-12.500867
-1.222336
-38.095682
-26.611904
-10.706761
9.791748
19.427131
-2.617470
40.108122
0.440851
8.210062
-2.269303
0.045229
1.369411
-1.801157
53.956262
8.710010
-34.052000
-5.289775
20.486380
26.667864
48.112075
-43.628635
-5.328920
0.741165
-5.166548
-62.639131
3.506311
-20.918446
37.064685
-64.237021
24.254244
-9.565859
30.970167
30.056545
-11.379580
-4.825242
-29.866537
4.240302
19.621464
-48.173244
-0.331158
2.526727
8.908713
-89.928939
-33.151434
-6.063506
9.186938
-5.398900
26.393807
-7.962221
30.206185
60.422209
12.533878
1.564352
-47.946540
52.949064
29.041322
-36.269972
12.838336
4.402665
-79.494455
36.553113
25.165834
51.576186
21.291632
-2.755774
38.364766
-13.565103
-27.166287
-44.365579
56.339211
-108.067069
-1.892644
5.298051
0.497879
35.533092
-19.545064
-79.278053
58.682154
10.993994
-11.360662
-41.253761
-20.670841
44.258159
44.673511
59.463360
6.291031
82.554701
-4.024686
-63.510173
60.541714
32.282165
44.505777
33.090522
70.983121
-89.902396
-88.595218
-15.608508
-11.405408
42.078524
-4.421899
0.837412
45.456621
32.525038
61.783441
6.126200
-36.582505
4.284094
0.239014
-2.360201
-5.301405
32.719422
-88.612080
5.512977
-22.245070
-9.404926
-43.239700
30.776080
-35.687341
95.178007
-63.896682
-83.812679
-64.494373
-12.662108
-21.477953
13.173253
-17.810573
-15.308277
11.471122
-18.025931
93.249068
37.672957
18.426106
103.278896
31.672455
139.177528
4.173743
-77.305245
-1.747826
-2.274310
202.143946
81.476705
-46.286669
-51.340375
-52.795867
22.004769
45.936332
90.262414
88.144506
-79.552107
3.378173
6.564578
-0.506187
29.014656
-141.054932
-57.034828
-32.990644
-46.451576
-31.945365
33.814270
-15.080542
8.636102
-26.522091
-6.003668
-59.339405
-7.755776
3.777737
62.963934
87.950936
168.374701
43.675105
-46.062672
2.467058
-30.758625
-97.034288
8.206756
-7.922341
-33.271766
-46.491767
49.369441
-3.415989
-26.335274
-46.684746
148.350142
0.183135
-17.175765
-26.783735
-113.607304
-95.992328
159.730509
2.167837
0.073667
-56.588025
-26.360655
40.661810
24.005004
-1.623541
36.594568
-3.155610
-87.954731
18.461015
44.563269
-8.779566
-19.507288
35.630576
-20.241437
-30.171226
-3.591937
40.369536
-54.473565
-125.215959
-2.427608
17.361798
-114.628342
104.784016
-137.558955
-62.444367
94.406602
-66.615085
82.030700
26.290267
21.200638
-1.803996
-43.897280
41.642108
25.527419
3.539445
-118.990629
15.333640
-63.209987
-50.063516
2.739161
-24.520839
33.805101
7.528609
-31.000819
37.937264
97.735705
-69.120054
2.388642
-33.873605
229.884819
-37.333039
143.418952
-104.834696
-16.007752
-181.603267
9.248452
54.998404
15.674352
44.700676
-72.982173
-241.553935
17.299199
10.109176
-61.629383
236.364118
136.128723
0.606223
0.943646
25.295257
43.553228
2.105758
-88.136030
-24.258013
7.742443
194.796986
3.611336
17.562497
-161.141418
-167.051043
4.689656
-95.720652
212.536942
-147.090696
-24.442226
21.833734
-76.791438
-56.590145
54.439900
101.826198
-84.560698
-44.923668
184.913600
194.273874
36.099559
-116.752432
35.727118
-18.987419
-22.492067
-61.348354
14.219613
-185.567834
-75.278063
-160.414403
122.685147
-139.545375
6.624333
-1.093932
158.686496
131.443582
-147.152562
76.703277
44.670595
-60.381899
-6.249311
84.962751
44.589777
82.929157
168.594635
-43.162642
96.793243
-7.516525
53.536897
-50.637861
-26.027096
-95.781955
1.999272
-204.964711
32.792321
64.782599
-11.729377
260.890420
1.958277
88.586275
97.895711
-63.698907
-14.519399
-29.049625
115.255581
-18.482520
-4.936347
-17.026532
-47.184808
19.895869
139.610729
-52.615891
-222.250401
195.431206
77.943908
115.042081
52.597741
87.022743
-27.752380
-18.295502
-63.635953
34.840831
65.608607
-75.383227
-108.721063
18.116312
4.141390
-37.866196
-15.385349
-117.124465
76.562503
-61.810924
135.388655
-71.371095
54.734333
200.901952
102.208789
158.675948
167.288103
-66.707033
-9.961319
2.655901
-70.414951
77.010829
-19.906583
12.273044
-83.888000
-153.816332
59.664213
22.409524
90.488995
-88.638220
29.332467
24.760606
-13.564996
-270.649238
94.564380
13.751020
115.983842
165.710179
-55.021531
79.278733
-46.025584
-38.654283
46.926374
39.494005
7.781500
26.651061
-44.751463
71.641255
127.445341
-258.791858
69.140457
115.880533
15.031009
15.148005
-14.783756
20.542594
34.778462
17.881915
-206.763248
-22.310628
-76.876864
94.647247
162.302207
341.103729
184.246644
100.271990
54.233686
121.975932
92.700170
-30.698139
-11.672908
14.580232
105.984415
-178.519643
16.549805
-122.795886
-8.314991
40.568720
118.147261
61.950279
270.968595
92.460022
16.338573
-91.628235
182.230007
107.870423
-27.549016
-212.318921
30.339996
-63.941530
76.228530
63.844093
-4.791796
-266.444267
-16.981819
-14.251845
-4.154135
263.029777
18.159992
8.100501
52.239922
65.537108
166.558802
276.269588
175.187026
368.527516
25.826788
-184.480143
94.788405
-144.318670
92.572622
-140.372297
-6.005298
-34.504563
-74.478395
-13.786449
40.449271
118.458897
-0.093608
-28.759687
171.821205
-276.679028
35.327461
14.154040
174.796330
-6.393414
111.142237
-191.435878
64.573437
71.479078
-76.904989
441.869571
220.800862
-181.674259
213.912483
-288.755621
34.845741
87.081199
-0.346861
50.524539
-36.873369
32.106851
-27.655183
-119.152631
-13.063518
260.664869
59.509359
-67.423653
206.560995
-155.938441
217.691809
159.539426
-9.205423
50.441774
74.918543
88.009529
2.637086
-89.882629
17.783041
88.390010
-45.749975
14.248418
-179.113535
-11.127925
71.815294
96.855303
-178.148205
195.074336
-113.808430
-181.613057
136.994116
-47.421464
-3.250260
330.105726
-1.208409
146.163896
91.052366
-255.216772
267.825103
75.363604
187.588395
143.693909
-106.226511
194.375742
-173.808693
350.184472
101.199439
-29.050073
348.059615
-29.480357
-4.595314
-100.997613
-151.520063
-364.870042
-184.736499
168.391223
-318.303349
-277.501358
15.508361
23.216985
209.898460
-72.865610
-8.983476
-343.740897
180.690331
100.309100
47.107386
15.941387
-546.259010
194.420484
44.932684
29.183223
-33.676035
232.411794
25.618703
-44.630742
-9.433738
149.092028
22.114580
-0.096137
-153.184677
235.281856
321.434227
-146.961598
64.928033
-134.137142
-57.882772
258.904856
-89.895681
128.345055
-55.396481
-323.319361
-198.421766
-234.582041
-53.751530
-18.241797
7.130296
495.594926
161.271850
-9.255200
-277.323892
-112.806325
-14.808444
-178.417751
-64.163581
250.410437
-55.275189
88.179012
-110.749017
44.554353
392.491301
49.078672
140.562819
-226.604301
86.112770
-118.718993
234.031282
-222.616031
-0.279200
-27.058198
-77.049927
75.878318
-317.623664
-16.865705
41.196748
-60.062996
-114.779100
76.496608
4.648909
106.523675
-261.083608
-511.540260
-95.047236
31.160198
248.394026
-160.549986
-49.214576
-204.722645
116.345720
-233.123153
-59.345631
109.662759
-32.180852
-73.671673
48.310184
382.788642
-224.665282
-70.274605
-145.155293
-322.881186
-433.364476
-60.553720
2.770272
35.817923
-278.758645
262.229139
29.777176
-15.535543
-1.329753
-311.834387
411.667009
267.218330
133.585837
-79.808488
-58.208767
10.242462
90.997747
-134.273390
118.291598
327.025829
31.717169
127.772782
316.039201
17.246785
134.279518
-120.402926
272.270133
-182.249139
-364.345501
-58.947616
34.558640
-165.088928
297.484077
113.808078
46.980521
-16.856606
-90.228681
-6.876266
51.285249
-13.982411
323.048562
62.938633
-152.218488
-273.827782
-194.615892
89.186288
458.690408
67.886350
-39.142229
-87.406345
42.159884
-137.998075
-133.671873
13.247946
-225.328819
-2.242986
171.251720
-297.428077
90.730580
350.184284
31.910616
-388.593245
-230.797512
309.713643
129.975930
239.759340
38.829576
-275.265204
9.617607
323.269100
45.085456
-168.639115
-42.515069
-271.362549
33.187491
12.732981
190.273889
-348.281425
203.624083
-195.951745
-32.975802
-218.569773
-307.281985
-14.785933
-113.185748
115.172163
-376.909782
29.448729
-78.248090
-416.893275
-86.032652
284.929102
-33.212892
-150.724099
313.423389
-158.120020
-258.937287
46.235135
-71.697189
-103.792183
48.651801
132.688678
-0.148689
8.968178
-197.982085
93.842481
-1.218386
-66.066317
-13.201621
-54.068404
9.648709
-154.660237
51.406382
15.948662
-175.305002
130.404001
34.734867
270.136950
185.659479
-449.704100
238.120195
-2.091030
15.384095
-278.230437
632.748296
-213.424532
46.509069
376.617132
-11.150473
77.662104
25.320283
361.028533
-160.021133
84.580564
291.869563
7.751488
26.777911
210.239775
70.102052
0.172188
5.000443
-134.417678
-19.049070
116.309490
-41.806445
38.035363
-235.219705
0.894370
60.132323
121.908055
112.418805
18.647589
307.764909
-135.535136
-284.725367
161.821133
29.362635
21.509576
17.502042
-113.669673
229.014623
-249.692710
-121.365929
-20.155708
161.597036
-105.484470
-363.919002
-116.796912
154.687978
11.458983
-85.463677
-194.468274
128.375435
165.424162
240.281010
245.345491
-142.172811
-177.889677
19.967660
-60.666110
-19.225496
-78.518830
-600.020349
40.729509
-19.926128
391.945672
-780.776675
-231.081299
-20.721756
-23.208005
-52.736195
607.513250
10.954558
-149.488732
56.197659
148.182852
404.391380
-10.794995
-17.014295
142.473759
66.676356
186.619952
8.536595
60.196994
8.420405
-4.430352
-89.293734
69.071160
-38.046897
-87.409033
96.554305
-155.148908
-16.590475
318.119263
368.354978
-370.784271
2.371199
411.292542
-50.232555
186.596317
-136.378039
-389.011047
282.892931
172.024989
-102.608936
-1.152171
-71.199299
2.475275
-74.177427
-97.995995
310.176264
53.910178
365.196528
164.785458
-331.127820
156.050876
-32.521208
279.754585
-120.613622
48.304407
164.099666
39.348694
531.112861
259.130831
-93.072637
175.522204
77.217018
633.781333
-447.240536
-493.590892
-195.468116
-181.992755
11.278697
-80.840337
238.316877
-19.397805
-320.027456
-190.490268
-50.097744
-157.066860
174.894398
-133.467881
3.584992
-118.210631
45.063283
-110.413449
126.334257
7.084088
75.433720
