-0.000000
-0.020061
-0.639739
0.671841
0.250477
1.082959
-0.612483
1.798561
-2.493692
-3.090707
3.462674
-0.469372
0.709462
-3.079009
1.703754
-2.246756
2.462585
2.524566
-10.133361
-5.768223
3.157827
-2.568454
3.022338
-0.193116
2.337928
12.569563
-3.435141
-5.779009
-13.151532
-4.016422
-12.112713
2.116490
12.821666
1.258484
-12.055905
-14.246687
2.281239
21.795983
-6.870473
-4.348071
5.724171
2.547120
-16.130840
13.190674
-10.267357
-3.213263
-9.740840
-13.661893
26.016507
20.063405
3.165689
-4.544600
-2.770644
-11.724323
-25.242987
-2.772124
30.334099
-27.367898
-40.209048
18.004308
-27.066708
7.341839
53.522960
-13.939992
23.049797
-6.223116
24.268515
-33.624769
15.200760
-2.819944
-18.487049
-21.251880
-10.127365
-12.495679
4.681176
5.061650
15.785715
3.893476
-44.296260
-31.173549
15.146658
-12.815874
-7.777156
-23.280248
-8.917196
37.719652
0.711681
-35.732472
14.261540
-12.286035
-31.345808
8.461866
34.616730
-10.191504
-0.537138
-31.694060
29.182956
-4.344116
-6.891792
-2.885386
61.250710
25.400872
-28.658624
66.133545
-28.509080
-2.271996
20.978250
-38.678722
-6.358165
-60.382667
-40.261885
-26.269984
31.757396
-21.949690
24.931683
-9.985012
67.378763
-24.205271
0.792028
40.168194
72.226128
-2.346372
12.511313
-20.736816
-0.479274
-36.955619
10.074545
-47.663617
6.357272
-26.954636
-21.194218
-7.828988
-86.338107
-58.454277
-22.786746
-1.449376
-16.687005
-24.800135
55.025840
54.424865
-27.079061
22.208748
-22.415816
59.233930
-40.658030
32.044737
-9.356499
26.984200
-7.413720
0.201290
1.936468
-25.576231
53.818831
40.826014
72.892174
-44.273486
-76.411563
49.104033
51.603755
-1.173124
-18.882080
129.382113
7.164038
0.577382
1.510376
18.551775
-46.819089
-15.722458
-18.399061
-65.818922
-10.861368
28.360495
19.518348
-24.992985
-77.706274
32.515366
83.154672
64.484777
18.302344
44.302358
-12.251372
-18.114668
-13.117328
17.233657
-43.515121
68.189225
-37.226187
72.177706
-56.129199
133.052386
20.709364
-12.937248
-0.023615
-158.607556
-39.378489
60.799972
-51.793053
-99.448173
-75.044205
46.138640
2.853801
-40.998602
-57.797960
-56.325976
66.155638
-72.553278
19.225554
32.222066
-102.285379
-54.308888
33.735328
30.030870
-76.299995
88.309012
50.866884
-5.270141
17.252759
-41.370468
132.371167
3.464361
-33.315493
-85.017343
-175.959818
-31.548509
53.950760
-121.716924
20.228423
-41.164534
24.643301
-98.942171
97.758343
-21.787752
108.914408
-79.122136
47.139651
-33.434463
61.075472
-95.024428
51.091872
106.870956
75.268623
76.379728
-42.876181
-95.041740
20.821015
66.703470
-40.585145
50.573764
-103.829797
-31.609021
63.276669
-94.463853
-105.882317
-149.635131
141.542567
200.681478
0.078960
-96.597049
-148.580012
-44.448601
12.455904
117.251877
-14.644349
-14.480256
-19.158140
-102.050226
-100.379490
58.988408
1.963592
-77.876191
-48.636397
35.523019
46.467776
105.579937
220.884365
60.864287
104.560915
-62.910522
110.329686
46.786129
30.099552
-47.146717
13.523356
-24.923946
39.925261
-128.699435
-84.327839
-173.318565
166.001856
2.125821
18.200674
22.860995
72.723315
131.105149
1.764248
40.814957
-0.794572
-57.495807
-19.710004
-46.106213
81.507128
-147.355953
72.402126
158.892659
168.385997
25.194617
-153.236104
-146.839698
-7.251140
119.438744
66.194011
115.159482
3.139430
-104.578644
47.695222
11.145009
-24.335077
45.372081
-37.469877
-23.241525
204.588035
59.348816
-41.169844
16.811176
47.312545
163.870767
9.717372
80.326025
117.602494
-74.353522
189.794259
119.305506
-104.007022
114.210103
45.024073
-156.197474
68.804459
-101.718520
-24.409479
-139.878537
-107.287529
74.669852
59.320445
-143.591072
-1.449793
111.883964
-64.629224
-116.316371
60.056781
19.513514
13.153123
4.955036
108.801286
-18.650443
4.942721
-99.492298
-69.760364
81.207434
-67.640497
-229.930768
-34.099212
-144.886998
172.587821
-176.974531
245.471484
-156.849830
-113.843779
-69.231184
1.782248
69.775516
154.631099
-190.362536
-22.760527
-11.273814
-229.326044
-153.140257
199.804480
-46.800997
-103.803067
107.360287
40.728762
121.379773
133.936711
-13.122946
-380.403019
-52.183359
-67.553400
215.306024
117.680996
12.487497
147.287126
-267.222079
169.513577
-223.828349
-56.196793
-50.313076
110.506169
-45.934791
-342.066831
88.383093
36.288268
-149.913873
77.899091
173.581336
39.734489
24.547681
48.706115
-93.220507
41.265604
-95.953718
55.532999
64.989070
180.448204
-148.498330
32.004074
13.265786
-174.205037
-73.630944
-169.230021
170.016467
-167.776624
25.426496
121.364766
109.154602
-74.914470
23.583036
-132.224523
-267.078020
-113.947983
-21.977567
53.113921
11.405874
52.761605
64.354232
117.822435
-227.790994
193.690160
-132.214337
-44.665682
33.663929
-260.743428
25.105036
-76.835727
-6.385197
-0.222011
13.920513
24.636256
-295.086859
34.536448
160.234948
27.858729
-33.849678
31.690224
-62.068440
68.508513
255.331173
141.568805
-158.273652
-146.530589
-69.303475
-204.235052
-101.285609
24.069682
62.613757
-60.908025
102.198091
36.061697
71.987982
152.827602
36.996628
-34.513660
-186.108885
21.944423
132.479056
105.756563
-152.462860
64.703257
-250.892196
-182.664468
91.435867
-139.081021
-45.070812
174.686130
22.181027
-130.877941
-10.019752
-281.183039
-31.587344
-108.117827
-37.674910
152.215024
71.495696
59.863886
-148.055355
87.370767
-27.766530
-172.488460
-50.991520
346.944481
-79.336449
170.643096
-115.725569
-65.067723
249.940664
-56.799366
70.848941
252.890764
42.585035
-62.177382
352.174177
11.500136
7.112783
-142.616971
-219.923730
235.538083
-136.866920
-284.533581
59.642477
-11.690014
10.412948
280.378416
-34.020025
-103.073660
281.514588
22.657607
69.668876
233.389072
-118.734264
-205.146061
-130.442505
-64.201051
148.898656
-65.003613
-190.319344
26.255207
-69.540754
318.285395
-34.706184
296.435804
58.149657
237.147690
243.168319
-83.407672
-92.725816
-168.089988
-266.271267
-196.405264
-24.753140
10.020152
-113.343966
-124.552134
48.743476
232.151828
77.122840
-58.553109
-88.800233
-162.632006
89.561753
-23.728346
156.785315
-193.437160
-116.264259
-293.955528
-66.243002
-14.209415
-240.730009
-73.100801
-182.364413
-284.368836
-497.249031
-292.626062
129.097479
166.659142
-84.431340
-3.781115
-50.436540
87.819200
7.256582
-21.182552
205.066483
9.595930
49.248926
-132.095372
-2.405355
14.696658
-178.789012
560.230149
-197.052989
-55.917255
-424.924704
67.527318
-171.751085
371.507716
-95.296799
365.840802
-195.516891
-456.207229
-405.823457
176.875444
-487.071052
119.176713
1.743723
-280.817588
65.831276
-540.763918
-26.138010
36.659852
-4.963350
269.935197
-90.380692
-217.431487
171.190890
-34.575382
-256.685252
275.414446
-238.141454
-155.892032
224.151132
71.483919
-86.369087
16.716754
-218.268779
61.717263
9.346279
-17.041433
120.935626
109.478763
299.185191
66.637901
-59.818128
-47.118614
-2.582738
-191.293384
162.423534
207.582026
-159.333084
46.506082
1.420441
-405.991160
-124.102888
-193.619118
-152.468107
344.237342
-184.930564
-41.849163
-433.247309
-238.108411
375.366791
-65.364229
267.184227
-275.087940
-208.301450
-49.466168
-329.621510
33.161095
108.291206
466.649713
-40.434815
213.781163
-32.147775
-206.867809
120.838816
307.922397
222.800269
-113.183674
150.382694
-58.727004
-13.494627
285.824713
-262.993033
-137.579508
207.307244
-8.114581
534.409247
-224.500461
-106.472395
397.013366
-296.791070
-349.422728
-35.012574
33.932208
-100.644701
-292.146381
-25.358371
-46.521174
269.929774
-81.835131
-333.810084
140.463410
-109.498092
234.835432
113.993966
-360.941518
62.899432
-252.327560
-57.258566
431.794447
90.026965
202.330908
86.928728
-130.468106
-0.405721
-449.534894
-160.044577
156.451610
318.083896
117.912640
22.069151
378.373686
-156.534435
-292.140843
133.224237
-272.934247
-368.524985
470.775169
-230.367605
-81.575521
-148.636386
34.607866
-136.530201
112.041361
-352.334275
146.581097
198.518942
-20.946114
63.165337
-111.277545
332.960424
29.077318
199.217922
-32.211256
202.559608
-104.836139
21.086910
24.322575
407.861199
524.578989
-44.159739
-358.107296
-406.594147
82.514037
40.876820
95.771719
-372.330614
472.907356
-27.943838
-100.734009
150.944695
-128.557044
-137.566778
-427.144561
211.413734
37.084036
134.431480
228.943658
508.060189
6.823818
-20.691336
51.696899
234.154040
188.670783
7.822634
126.960107
-23.371115
109.778776
-414.060404
-582.848931
-297.326422
529.487160
89.700375
-237.764638
4.082141
293.280792
-53.754069
-451.277812
-351.464072
-77.753346
-249.493490
-457.306340
-91.727781
318.733333
-264.665441
307.418279
538.202508
-127.793542
-187.701991
-179.788481
-304.347455
-79.118847
155.045184
63.432504
145.456202
-376.335627
-83.879979
285.750172
-271.126295
-123.448859
208.974065
235.654428
204.757930
187.351106
-263.784709
-394.323631
-96.340730
335.404077
152.707696
199.873368
202.422112
-63.116052
45.894713
-306.079375
-281.431292
263.135946
-105.195033
-515.829930
-16.627295
701.190003
185.557990
-295.122487
-300.323690
24.171907
-76.774914
155.021596
-2.292374
-404.791460
96.563623
-123.382671
-598.955215
70.911979
61.875355
-130.616994
-167.507674
505.477756
-214.748631
-255.151557
49.480221
-27.436164
459.911786
80.077129
357.283740
-290.300657
422.533396
30.141358
185.011051
604.279296
-88.257935
-431.322938
-597.473469
-9.741958
-451.031539
148.643028
695.578203
-298.893681
74.038121
85.050528
4.170897
-127.482034
328.953515
-236.279591
327.301325
151.423981
134.205917
83.901409
-0.969388
-309.967713
9.403796
-62.815343
313.805089
-55.510577
499.491417
143.984912
-115.076342
-317.483448
-171.193272
448.397434
-266.008347
-13.967183
179.890791
698.605711
-1156.130797
124.750259
-54.026970
-358.060809
-344.037585
19.371740
-178.541592
-899.258729
255.871783
-98.208824
-420.681806
-550.344598
-16.878406
-345.563869
-311.176656
-30.515452
-288.638774
10.678011
59.529230
-133.230688
-31.123283
244.988259
291.011039
118.929565
78.204270
65.319226
-149.511738
139.667615
-421.827974
-36.203898
302.448836
-157.422417
-316.676859
38.783968
-81.833091
30.349375
-362.555866
261.276834
-189.925877
73.367706
-87.336426
232.541644
342.537565
183.019612
166.660096
167.252356
72.850329
11.577106
-164.482846
-154.405353
-48.924585
-82.341059
47.099395
650.982885
13.274603
59.258884
-293.293687
155.898673
797.803398
-245.222095
44.830817
-230.609434
877.950190
323.174136
119.392488
-33.420682
-62.395223
-641.573737
460.227686
219.793950
-25.747418
-363.238611
-246.839968
-33.919098
26.903411
-588.689678
-460.568237
64.030812
194.467580
-60.245929
111.877089
-132.119345
70.109876
106.979347
11.790422
-239.033238
379.770232
116.960713
113.510455
-371.524211
-479.442897
491.331444
-11.217005
-293.810339
207.540272
-319.017760
882.637454
375.084777
-321.907061
-260.471181
25.299123
-223.348491
-335.749373
427.285941
236.366384
-245.561297
-326.343493
-20.670514
-1084.315081
-618.997681
-142.352336
-187.381800
97.968983
-382.156018
237.367090
-172.716241
-192.096403
-205.343534
-570.562582
-108.900866
-436.996196
-71.076053
-17.351980
-425.815965
435.059693
858.475894
396.862389
330.505470
-134.415707
65.176255
-196.218870
260.891028
73.596680
-91.894069
-131.733449
100.403616
-232.496908
254.187543
32.175458
387.271465
-42.956538
90.644176
-159.335529
-251.065473
-111.436774
