-0.000000
-0.282457
-0.574267
0.588490
-0.250489
0.585419
-1.796821
1.857692
-1.766130
-0.164286
4.177758
0.630693
3.190150
-0.071800
0.669593
-2.356345
0.391110
0.551292
-5.595794
0.152856
5.362882
-3.633957
2.780928
2.632983
-1.168576
0.434328
-3.529592
0.259459
-8.654627
-3.841020
-4.564563
5.226733
8.463152
-5.981744
-1.805316
0.258586
-3.778367
14.181576
-5.320153
-0.423338
-0.106016
-0.797954
-3.012966
8.735359
15.442683
6.418054
20.672305
-11.654203
21.248488
28.603650
0.748295
1.736712
-1.705725
6.283715
-21.992363
-0.391776
8.162341
-4.144415
-29.719531
19.437050
15.780159
11.639246
29.421276
-2.352590
14.639350
-5.316245
-10.298782
-9.410002
12.385841
1.978727
8.631052
-0.012376
-16.905531
-2.958914
-2.090162
4.518694
3.995316
5.928773
0.650683
-4.211674
16.953171
-13.023031
-1.205319
0.708285
2.762424
-2.959953
-0.109938
-40.750235
15.491682
11.406964
-7.342024
17.948613
54.625858
1.667515
1.034171
-10.151570
28.928580
-4.065172
-7.174435
-8.768041
34.179213
-0.336647
-18.241078
-7.486562
-13.479753
-5.005826
1.197441
-37.138198
9.912905
-63.391872
4.670851
-16.552907
40.510778
-27.330302
17.414676
-5.422152
66.749954
-36.706137
-0.430308
2.072512
45.614225
-13.053133
22.303061
-1.309685
-3.096744
3.152503
10.515397
-39.453554
4.087969
-26.909407
-19.824806
-9.630145
-32.381846
-49.744267
-56.838746
-6.739151
3.799376
1.867730
103.137914
10.796230
-32.407982
22.949913
-27.582364
-3.405200
-37.151719
11.126290
27.708187
-37.252821
16.840524
-9.364569
32.906635
4.480315
42.439252
36.000772
43.025637
-40.033183
-56.790100
0.930788
51.272596
1.353602
-9.973367
39.453174
-25.987396
-5.486125
10.697314
13.152875
-20.425281
-23.684679
11.807124
-5.396713
1.672510
29.924847
-28.428192
27.956079
-48.664952
-3.754605
95.993008
68.887442
-61.192110
80.855471
12.914462
33.461518
8.174305
14.477883
-5.150355
54.624122
-64.392474
27.812127
0.210012
24.985317
18.816720
-7.639197
0.474263
-123.074464
-58.923553
-18.478081
6.889102
-88.454179
-86.404867
4.884878
-17.817040
3.259557
-13.124450
3.137384
72.446669
10.001423
15.200868
-31.288106
-41.743665
-22.026722
78.241105
63.121392
-5.316874
-1.593384
-37.728334
-20.878649
5.847351
0.708056
127.949268
4.301773
12.141128
-52.492305
-114.176377
-25.422309
17.368255
-117.432829
20.467437
-43.524736
19.341896
-66.222749
9.146264
-16.274774
86.669338
-88.527062
3.899951
-2.658383
25.388130
0.153579
-12.804809
23.058277
10.774250
63.717619
-64.354134
-81.868487
3.010442
51.395192
-29.114023
32.547833
-10.580729
6.063936
81.702776
8.815043
-74.209862
-10.457602
145.716311
123.376233
-1.668866
-98.871359
53.563934
37.028104
-33.830765
65.911502
-67.440216
7.524513
26.778192
-11.787811
-12.234984
-20.563699
5.341765
-71.311613
-49.142585
64.537675
-94.587156
48.545109
187.893721
14.412711
72.615551
-29.096252
95.249144
55.422231
3.577461
-53.150385
-45.816049
-32.679722
43.702999
-65.735500
3.623097
-4.943864
209.676961
-43.936852
20.667732
-7.897629
-24.310973
139.311904
-6.158094
7.543191
-47.286338
-8.126366
-23.125992
-72.441487
34.822382
0.994189
72.585261
141.716894
141.602262
-88.412687
-249.228433
12.890810
-5.083303
119.512411
9.605986
88.798827
43.801240
-80.573640
46.071681
47.739576
-27.490688
-42.582650
-19.008862
21.321745
195.808468
39.841528
-5.539268
-3.430261
17.141319
160.278831
50.086908
25.852460
-7.613465
-76.781130
207.156057
4.677164
0.776995
-23.348852
-17.420294
-61.790873
2.189375
-19.687820
1.880788
-118.677898
-109.091524
30.772572
100.962552
-118.063653
2.089652
-7.106664
-49.295585
-179.526358
9.993266
22.252675
-11.367716
38.760137
116.329894
-49.651263
42.879985
-1.756593
-138.880418
83.596076
-101.514101
-0.045950
-71.432251
-1.468046
67.753125
-192.982282
63.868216
-147.601378
-58.845374
-53.556832
46.482924
-3.206658
-86.922836
-173.063337
-12.651351
-72.903197
7.038074
-17.011534
200.410702
-45.857351
-78.507810
150.913515
42.834520
33.243743
109.678698
-5.380504
-185.606033
-48.572023
-49.990903
54.164606
-49.370047
17.177152
51.566474
-54.685137
22.422881
-248.270575
-34.363059
-127.104513
53.916024
8.505109
-240.240633
3.822395
-8.635400
34.999727
272.172965
209.680895
-77.017943
60.274799
29.718696
-115.712574
-20.082750
-81.734105
-130.034835
-10.288993
20.033800
-25.813183
-107.541301
19.890119
-175.298970
85.055551
-37.786438
22.863905
-91.073347
70.097090
60.982867
102.905291
10.048281
68.172813
-49.295366
-98.483385
-157.110625
74.815676
45.597396
64.942771
2.123744
38.327136
22.040480
-225.791723
-11.274551
-99.422016
20.116917
21.934552
0.146992
27.063313
11.750548
91.510514
-63.920918
-0.598885
-4.413368
-179.831277
16.053928
155.298601
10.832198
-81.034486
51.586093
77.542289
15.892622
33.080772
337.000011
-80.329744
-31.488509
-16.705733
-117.212309
-129.037989
5.774180
-1.022196
-26.067194
167.806697
-39.321530
-36.733081
170.943914
41.138019
-72.379856
-201.494234
-95.180042
209.041559
43.945639
-17.074205
-6.667838
-196.157863
18.237484
193.644656
19.594926
122.217291
107.979097
12.219708
-128.222040
-80.434703
-204.172210
-51.493927
-95.844783
-121.562910
-1.601308
131.159909
82.273410
-57.566360
-1.267452
1.565937
-147.727854
-64.556516
76.295243
15.227931
184.394116
0.258272
100.642456
194.919133
22.479367
24.823357
214.236482
89.511408
-22.683377
359.955677
38.151198
-37.638681
-70.975716
-92.478389
-23.253775
-67.726464
-168.653048
74.673486
3.457991
-4.370808
300.921010
0.758437
-85.191744
74.751341
0.346979
-7.207988
328.036319
43.567943
135.957667
53.804139
36.070938
203.132341
56.972319
-97.619174
-4.442932
-81.213662
332.865626
71.278231
117.916161
74.699463
114.351804
234.853328
-42.838953
25.421445
-106.139709
4.697328
-103.945241
-8.414567
-81.608083
68.886042
-16.681711
21.194460
19.832907
107.462836
-122.494638
-12.571703
-98.787914
84.769957
-290.172612
139.803497
-207.689005
-120.418394
-30.925751
-48.083010
-6.108914
-188.490087
-7.563693
-15.805610
-8.099248
-322.062004
75.901454
154.924267
-17.821001
10.357065
-148.099785
42.136082
-52.553098
1.251284
-55.687116
130.588088
-4.190519
89.698197
-13.636475
-2.498963
-14.063029
-6.967807
283.551121
-161.725528
-41.763215
-250.128374
61.133904
-60.608848
180.071838
-30.723362
437.319880
-272.421880
-14.337657
-185.022594
-4.798816
-273.158568
-169.578908
36.589464
-193.736389
65.484415
-490.239379
-63.011380
68.766703
-32.618533
150.782566
-103.444209
43.233382
230.700250
-101.999035
-50.124257
119.476005
-20.449645
3.647393
214.945709
121.925693
-11.450545
104.726283
-215.631694
-28.165367
27.129321
71.348577
75.185651
123.727181
120.071657
55.509977
11.997166
49.736689
-180.730943
3.780953
48.615105
25.968969
-22.338969
-0.915382
-1.829819
-75.885434
-125.311297
-47.455221
-61.415741
89.020570
82.894540
33.514441
-245.658914
-94.414501
269.140280
129.011513
93.375534
75.096532
-107.102011
-78.516242
18.438105
3.680738
103.695891
365.652100
-191.954878
-151.088879
-216.884274
-38.476586
-197.464533
30.421039
238.308630
-89.966689
360.281154
-131.592614
-22.478103
-57.916183
-82.302703
-37.270408
254.414630
7.826805
-11.849763
-30.079977
-61.539710
426.196589
-330.467106
-117.010934
-9.393871
-10.698534
-110.078440
-143.054354
-3.243790
-46.617311
116.745097
153.446726
-12.375858
-6.498189
-44.570058
100.698290
56.111194
-102.036662
-26.996249
-123.982505
-112.655047
108.475086
-108.394800
-32.251132
33.177198
-148.709904
6.724576
46.060032
1.227273
147.196410
40.760004
5.106315
7.260706
199.955935
-220.698016
-41.730406
77.949049
-184.755234
-479.274002
515.329522
162.123696
-32.496849
-8.073568
-191.996435
-50.417431
-6.677632
-118.302993
-76.034934
198.239743
-48.004312
-13.884590
-35.399227
15.336759
12.211614
240.414670
-92.274253
87.780508
-28.339531
25.735819
130.846250
146.777591
13.038728
-139.206974
-326.947098
-158.200121
-78.035949
-8.337756
-108.950926
-255.984894
239.784202
-87.289469
8.928750
118.763843
-202.228717
-89.256594
-44.355918
-13.251548
-33.190569
-10.723814
-93.937528
74.695714
-53.729901
-17.921064
87.514821
-44.604605
450.899922
37.599810
111.424565
-24.700868
-202.055612
-2.393396
-315.630601
-163.740586
449.678673
31.491608
-227.522176
95.079888
159.007402
64.537529
-124.251983
-319.746903
50.019436
66.545712
-440.059555
42.551737
198.330407
7.604691
125.169140
173.857007
-186.741158
-153.143351
-344.877409
-6.863377
34.689231
202.025706
46.575898
55.227521
-383.211893
-32.594729
271.767760
51.922267
-60.510227
56.755577
-38.173354
10.142038
276.537395
194.905699
-326.437281
-135.482959
247.997732
194.867580
61.875293
68.750239
-49.868106
-179.434106
-308.322361
-110.179572
-34.292130
-14.464453
-165.645646
15.283321
312.596758
-45.239522
14.591156
-170.347760
263.931247
-37.945338
-120.243607
7.325233
-81.522359
141.649079
-292.021786
-641.470284
-200.450570
95.062846
-117.884012
22.766215
157.196330
-11.124548
-451.103301
16.504419
-246.005937
152.629801
65.291196
244.097993
-175.128494
45.623614
59.590088
106.762961
187.386022
-174.290587
-146.393835
-630.686361
-160.466057
-137.608150
-9.476992
436.640915
-252.658546
2.340932
-18.741656
52.822698
5.206644
328.804826
-227.311413
129.319240
245.266462
132.987532
17.835091
-14.171008
-364.036116
19.052505
-217.475579
365.211471
-39.561915
324.186415
274.388913
-80.341475
-47.346498
14.466207
-1.306666
-27.888152
-16.058213
195.274886
420.375274
-523.382501
-88.674273
-7.517901
18.556324
-355.188058
97.033845
-153.221309
-538.230196
95.850650
-13.628261
-128.812244
-542.593111
9.899505
-135.324094
-241.074605
-30.343264
-283.638331
-123.739667
40.480160
-16.921198
-72.929728
283.023623
55.791334
119.823935
138.336594
187.227281
-37.092933
158.315204
-114.063065
-171.739035
17.723470
4.398715
-287.314224
60.293543
-64.331049
-83.320298
-133.541243
11.584124
-311.291806
53.211998
74.260610
127.057174
-21.381438
66.222701
321.348075
178.711338
-12.613347
-182.891168
-36.107412
11.018809
191.356425
163.004432
-95.073416
473.093208
33.242263
-1.407226
-312.519183
77.379843
197.783050
-204.492586
24.904689
161.336239
97.173516
92.092837
98.670731
-56.628687
-115.131417
-34.060487
471.182245
70.305218
30.450241
-215.055759
157.551412
-44.714093
9.889116
-446.215919
-393.891881
250.650764
203.004175
-0.048935
120.297494
-136.549697
-19.183858
176.050507
-26.256475
-326.442271
476.324538
-38.188196
96.919980
-53.404948
-111.087919
120.547173
-8.845806
117.482203
157.307717
-132.421443
746.259415
-13.926270
-39.014130
-88.446193
-77.309813
-224.500662
-406.948671
429.761217
162.188957
-343.557292
-16.167229
33.239664
-719.118553
-454.212224
-473.480156
-31.330924
65.447775
-102.401433
116.753468
-124.411834
-27.996737
-165.994840
-39.449722
150.229965
-530.068833
104.446151
59.865038
207.965368
-12.180842
364.885003
201.394273
148.512714
-123.137010
-15.664083
42.098007
241.493224
-246.430776
-282.384337
-181.831194
-56.663244
-57.602509
120.719661
35.760450
269.060834
2.106745
-19.769273
-33.001272
-243.981386
-36.003053
