0.000000
-0.125030
0.078089
0.044481
0.904900
0.018756
-0.381496
0.004504
-1.737572
0.057326
0.133808
1.145592
-1.044972
5.856367
0.170894
-0.107276
9.603277
-0.813972
-3.163742
0.088801
-0.452029
-5.468279
8.453447
-4.327096
1.378775
0.066791
-14.714526
0.793556
0.480969
-14.201483
15.849928
0.224078
3.506704
-2.324291
-13.591521
2.523712
23.921905
3.265823
6.395272
-1.586409
-7.082432
-6.014378
0.904021
0.989233
-7.153560
1.291697
2.471377
-0.086446
-1.607355
-5.177093
-20.505304
4.660358
3.492559
22.244464
-19.661851
19.543647
-12.785221
-7.176532
-8.205577
-9.399346
16.922112
-0.277013
-21.290696
-6.612499
-14.847462
-11.436852
-16.205004
-33.172038
5.202492
-5.796140
-1.392863
-5.466206
8.696971
-1.314802
-26.237092
-0.451237
40.085061
9.236882
-1.010184
0.314268
-6.092916
-33.030234
15.656674
-5.112515
-0.658842
1.026714
-19.957235
3.197260
1.459035
8.323437
47.436219
-20.023466
-25.791558
31.190180
0.006185
-2.425922
-9.314701
-18.191270
22.610401
18.316616
-5.708162
-3.617709
7.172076
-2.504315
8.266777
-52.896323
8.271958
-4.853856
-9.307055
-4.756714
-7.679349
50.054857
26.028607
23.978493
-11.027080
48.385901
-16.623174
26.113554
-41.496429
20.833729
-1.426594
-35.544277
-12.948845
8.856781
35.248697
-27.065167
-6.824083
15.112090
-30.745264
-39.167465
-23.943461
36.898158
-0.129713
-5.094553
-6.698806
-9.325339
25.147023
44.564354
10.580014
-18.970759
-6.677114
14.374753
3.934551
-48.332662
-6.005980
-26.784909
13.776436
9.075418
33.607299
30.595078
-39.188233
-36.828833
1.687182
-5.488102
-50.147435
103.207956
-23.417283
10.709219
10.059214
1.336808
50.504240
75.554250
-6.922185
-10.587999
-57.217365
-8.119531
-26.264020
1.746226
19.929043
38.471091
-44.729820
-47.484311
-28.664797
5.995436
-65.553883
2.445828
80.058202
64.155501
-61.212302
-99.683270
19.984483
-49.203712
87.238434
-13.934504
57.523171
48.857245
-75.388679
-0.387253
-11.480758
8.878663
-6.514029
14.907492
19.968257
3.383032
82.584285
-25.605136
40.593071
-7.169823
-109.331079
27.904362
17.264028
-14.168827
40.895789
6.057668
-63.010604
40.640479
-39.606292
-44.337441
-20.455807
3.158048
-40.619542
1.542395
-37.803817
3.229798
-1.008395
-17.595390
-3.589316
15.047435
-3.238163
-21.778757
-109.421457
51.436605
-20.080978
10.332836
2.054037
130.216128
-12.469219
7.808468
12.743540
-144.185860
116.884933
-4.386170
-133.985769
120.767743
-4.254195
-49.189285
5.609040
4.551329
-21.870411
46.327536
77.938354
125.002079
-56.016601
-138.185119
-41.927323
164.216564
-0.385175
122.628031
-2.673794
7.836150
-5.688937
30.434141
-16.594101
134.716975
-11.046034
118.800829
12.852733
-90.182917
0.763059
-39.367423
36.377065
-78.452432
49.016522
89.175718
4.529843
2.472728
26.143359
-71.545195
-90.134537
7.165796
3.104299
66.816528
8.655073
38.924309
-25.507106
-64.958193
-27.588498
-52.064063
22.788853
-9.764085
93.358842
-22.253854
113.276556
-48.962329
129.380556
-14.425233
5.645869
8.621457
83.481423
30.848286
-5.086736
-78.793480
-23.671000
-59.889846
3.708000
94.748070
-162.350484
-4.931270
105.134841
-51.594007
-143.172908
140.771451
-112.634863
-1.506007
24.245989
72.721929
115.404402
-29.423849
196.051262
107.486688
-111.939909
147.608138
-111.661035
97.622487
0.666155
4.608005
0.123712
-2.295443
-34.049282
-50.346289
-31.195781
25.723339
146.909759
14.985502
2.374966
27.035860
35.248969
-36.946328
9.079610
28.764593
117.244318
-58.818007
-28.417082
-9.157047
88.823556
-57.427962
-0.074850
0.579401
-112.163782
0.526410
135.621424
84.024592
3.471341
-2.246234
-12.102590
-11.396374
35.922855
-21.641871
-58.295188
101.022060
29.521805
152.397549
64.065361
-37.621352
-189.907155
25.360752
29.060321
-162.362204
25.954485
-1.211209
11.968484
-47.761231
5.860769
80.776246
-26.258273
-178.938983
-2.458870
-74.067234
7.367892
39.047093
77.690027
65.087218
50.148781
63.387668
-56.412229
7.726298
-69.858174
-19.487343
-274.939122
95.032088
-213.478389
-151.431787
-136.552316
-6.322829
87.651348
-122.163350
100.735016
50.259123
111.774266
-11.541745
38.047582
-2.393024
73.812915
-82.185447
-49.875427
54.824401
19.589073
88.304500
-35.254077
165.714864
-13.748997
-181.259227
1.546091
-35.606200
116.970798
166.940167
-120.369144
-184.411921
140.345796
-252.596685
-56.750346
-66.525682
4.517407
-9.886685
-25.592688
98.098397
-180.994532
47.705661
41.405442
0.713410
57.490829
7.605835
-105.733364
1.274254
-62.641357
1.251784
-0.688400
0.497582
123.646839
-106.174294
-41.740437
-218.523830
7.733727
-41.000448
48.003583
5.606423
86.237347
97.712510
-63.926268
-149.535876
101.116316
47.657035
-16.208197
15.694426
30.979608
33.941309
86.606050
-16.808303
-44.912185
-58.785732
207.901464
26.189007
-22.579328
1.165747
-156.436636
188.487646
84.475218
271.010343
-0.889760
41.683929
-106.134427
-73.315746
5.711792
-156.331300
-0.466101
-177.309171
-214.402946
188.153260
-146.267569
236.183026
-90.349562
45.169716
169.129476
-23.969673
2.589107
-3.428464
-31.425152
-21.964666
-36.818669
20.069380
88.485935
122.965593
-133.185122
49.513645
55.010486
76.793848
-82.169610
-37.413754
52.825575
-67.472568
-38.822594
58.029271
-61.645618
-8.342496
76.698289
186.580194
59.670892
292.585797
-248.820301
-189.034406
9.696215
68.605699
-9.323323
189.003873
3.997790
-237.078550
-8.925492
-156.572617
30.530067
-147.314849
50.640253
-0.909925
-257.899637
24.583000
53.941485
37.213422
-160.134048
-12.016940
-90.137066
-292.872307
-25.605419
-110.513970
0.841052
-13.104608
-14.887978
-52.608224
111.704002
-179.929287
31.098182
-39.716069
-3.579191
-98.600011
4.824663
-44.076006
66.515264
-315.306193
-185.932913
-18.289165
102.947598
-5.273928
50.746140
209.553580
222.215440
15.148957
8.784005
-133.678799
228.083544
-95.061885
-87.778056
-139.795095
-63.558009
165.596810
-79.722136
48.842543
-175.239996
57.840126
-200.354119
193.670162
138.048537
136.565497
297.733522
-0.415786
45.389224
-35.907914
-44.073285
-23.802889
-0.092176
277.780084
-89.149369
-153.717395
104.630492
12.326468
265.902485
56.198632
118.728305
113.621818
-3.910323
-60.423865
-2.405395
-79.005357
279.254934
-184.181036
150.389776
163.451229
259.538687
149.040024
-186.155942
-104.633885
98.292692
123.697231
13.916026
4.030424
-29.821059
140.825113
40.972531
105.484468
235.224911
-0.258510
260.734768
-111.878224
367.350568
-31.790020
-54.288698
322.098230
77.849031
98.041883
-118.811602
-156.129604
-117.461188
-67.375038
266.050299
152.302363
157.269212
15.804370
76.543168
114.264514
-21.743996
-12.787431
-98.897249
-174.313872
61.882464
-60.193898
-57.106563
-36.457426
9.440532
21.688737
-100.446612
-62.819367
-87.025937
-93.938920
95.289455
14.166495
-33.716403
5.361205
-98.625154
-113.347378
-60.559998
-51.132026
-126.961893
183.142559
112.398618
-49.525248
7.878163
-24.540272
-1.907247
60.625852
169.011020
-19.656847
-47.097572
-26.091259
278.615176
21.362642
7.112244
-144.341480
-68.116932
-98.603454
-174.021171
40.505499
-0.702573
172.334127
60.784629
112.487506
-17.100638
47.534104
76.326647
-336.248940
44.868954
121.326921
-51.347740
125.127039
106.653563
49.177425
233.398839
-108.174104
-33.395513
-126.326944
-1.900292
0.827573
127.915476
-31.405321
58.597244
175.797392
62.632410
116.101468
61.561995
225.747988
-85.304890
238.726699
-120.927080
-61.602826
114.382640
-46.353333
368.739162
44.986566
415.836039
-52.914707
-93.359741
41.773197
-11.906616
-21.088335
160.502813
10.127707
-270.716947
-22.276365
81.723171
65.273430
-13.704460
139.610768
-253.453047
-221.652356
-63.418348
-126.400167
-198.007679
-404.204496
271.397074
111.381102
213.539806
-36.902536
-79.306836
-238.987957
-130.038870
6.176558
14.125949
117.196932
-129.662785
-26.911701
-3.027094
-82.211166
-94.471176
99.730415
145.268175
-118.295765
-21.616796
-377.447753
-2.397636
24.852768
0.555846
3.471917
164.925258
40.439523
23.989472
-55.512146
262.481160
-261.711560
-214.520175
-25.159903
111.188996
-86.480678
-159.061087
-25.944819
114.640586
-43.502402
-189.678598
-0.095975
165.962435
130.442838
21.305925
366.863150
-7.756755
-4.902551
123.749221
-603.396185
109.691849
325.678489
-155.166900
72.330588
195.140402
-51.249090
67.810334
-50.385499
-41.707990
-311.023545
486.051963
-204.318530
130.238547
-279.140853
-140.657526
-123.821474
-137.224725
70.821278
79.750149
-152.612115
-0.100380
50.484355
152.446831
107.761975
26.777779
307.527008
240.694793
-237.577744
394.991999
-234.874551
-39.924431
376.287826
-102.615924
-115.699445
-31.048020
87.857312
51.716110
-447.808589
73.040518
-44.883944
-4.611130
26.290121
12.812043
2.041336
116.923661
-12.350145
-157.251180
-118.419692
-20.570727
-20.753529
-43.974221
-23.502608
-147.095867
118.722039
-36.892286
73.419072
100.773967
-13.335862
98.890545
37.683113
-28.820662
0.632493
85.966906
-36.654806
32.466200
66.468091
251.255445
-4.690909
-147.211451
-17.212622
-2.615983
51.051928
-372.469795
132.368501
402.437560
38.882176
63.203512
-309.667588
42.940311
3.914885
15.452674
154.855510
60.678517
76.153419
120.137949
-74.030093
54.954905
346.127792
421.500698
-335.907973
299.227253
19.714791
140.628037
-172.607508
-67.991063
-0.484076
4.524391
43.311918
6.274112
-348.488984
-145.191730
-209.414648
-34.909431
-78.860729
1.224048
-310.037039
-320.549313
-121.375937
67.717738
-2.907175
195.550359
-80.254841
-188.347598
221.302707
-44.467373
-108.337238
5.260529
196.179959
54.110478
-287.086824
-26.107613
462.230033
-156.705401
-71.415876
-270.543093
117.192281
18.177090
137.966199
129.090487
402.237400
127.032292
-19.996784
-60.793676
12.458592
-3.566538
-510.390239
143.813643
-432.181988
102.102631
18.377081
-197.108813
31.271924
21.152062
519.568940
221.788373
-81.087748
129.356916
47.626030
58.288847
156.095706
-457.190367
276.963742
-26.044446
-424.855305
229.081409
-35.745129
-215.584755
43.670281
-264.118260
127.377584
-1.531568
-61.087163
-114.745460
108.477101
256.842921
-400.531069
-290.298722
49.396721
181.990107
121.195715
505.505123
-14.054830
65.254532
-211.969107
336.640189
74.097637
77.604819
-80.565569
54.653715
-235.458198
11.789134
-54.605895
24.625579
-47.965140
-10.747092
9.676832
134.202186
21.372333
7.332935
0.848294
75.481562
-148.854169
513.855010
95.681416
159.980323
-45.756953
-118.921042
-332.328589
358.666450
284.458578
127.831354
-648.543568
-0.410831
-518.346072
-197.602840
-185.656535
-30.653687
-26.217134
-0.838860
-288.858082
-423.414301
-241.374094
-0.390781
521.230813
88.223374
-98.046771
21.987380
-291.957967
-6.201245
286.197701
133.424471
24.692384
-28.810130
-43.470311
99.695467
285.811930
165.541877
14.211903
2.443059
112.961653
-190.300102
-2.976172
-87.226350
-355.871702
23.857806
593.646224
-235.484374
93.304531
206.495251
-32.639067
-77.137532
-71.955869
-3.967411
-404.749024
312.911048
-102.613872
-43.582906
-24.836333
-220.868027
337.529438
-421.774689
20.197251
-124.153765
225.122221
-104.270969
-611.186570
-167.625576
266.052316
6.853023
518.520363
52.506926
-175.979520
