-1.000000
0.357788
0.409207
-0.108553
-3.105457
-2.958231
0.022272
-1.857565
3.250176
-1.175048
-0.008888
-2.674872
-0.346831
-1.554310
0.578187
-1.661620
5.524250
-0.315573
-6.859964
-10.830161
-7.771503
0.228114
-1.313486
12.303082
10.781798
1.667495
-0.008282
1.720338
1.071220
-12.363873
14.416796
-3.097066
-2.165516
13.725425
-3.485229
4.646276
11.903942
5.181183
3.761666
-0.567884
-4.170378
-0.729645
11.039768
-12.239024
-0.089962
14.715151
-8.124574
17.755983
7.691898
9.224532
1.571821
7.504948
-0.328260
-7.428742
-15.235586
26.421867
7.711862
-3.409221
1.171067
-3.276846
8.262184
-14.538990
11.469036
15.385023
2.908645
10.251900
0.883559
23.905508
3.442537
0.227091
-39.728630
31.602877
-5.900927
-16.519125
-11.935603
-5.284832
-24.698566
-11.326572
-0.772679
8.702331
-13.919352
9.133832
-1.175452
-1.816192
1.782295
-27.058384
12.830448
-22.909163
0.136177
-35.088051
5.122725
-10.262729
5.668651
-1.383544
26.902065
51.618408
2.310168
-50.293747
13.736438
11.677714
-19.893587
-2.391428
-22.315702
4.612052
16.848257
-35.948696
17.203880
7.096506
-15.506057
-37.311352
-38.513538
18.293320
-12.955089
0.637161
-47.219368
10.405283
-52.040058
-0.480077
7.730315
3.110472
0.400858
-48.538795
-3.766077
-14.827297
-18.477507
4.669027
-44.469826
13.395910
27.288652
-7.646790
6.422687
-47.710239
62.234444
-58.203487
77.148193
-12.954021
30.571106
23.063358
-22.338209
14.434040
-4.183007
-25.068144
-43.982780
-39.657352
-62.521523
-112.942238
-12.440852
-45.938179
-20.470806
16.318718
-34.583920
-16.782928
-23.353985
-0.648777
-13.925383
-3.764635
6.746529
-87.439003
-51.716007
40.643486
8.192262
-7.943148
13.956256
34.135464
-45.157604
86.348877
14.745940
23.016321
-0.501570
-20.474140
-7.814383
-4.513626
-117.007179
19.044195
9.715973
-2.541624
-43.034393
-99.090347
6.681459
-5.840210
-96.897217
35.640076
23.525721
34.584984
-117.198441
-20.524921
0.019753
-1.989183
-114.157082
7.463469
1.416336
3.707002
22.374765
22.753254
11.134252
-6.454597
13.257149
3.440917
-97.363754
-31.843277
13.871151
22.758795
31.617599
-1.257957
126.652931
-27.932688
-6.375087
-24.825727
-48.550777
4.009967
-13.435354
0.448134
-3.847620
-4.244932
-20.790054
53.333839
57.790413
16.321693
-64.433411
-80.540421
1.031384
34.591541
52.273159
-48.318939
2.197208
-170.478455
42.114983
0.656567
-2.865333
32.250164
-82.136604
55.852943
17.645927
10.772566
17.944107
-12.362342
-57.595665
0.239222
13.995277
-61.186939
-90.614029
73.987549
-40.868431
-61.917427
48.447639
29.071016
-9.592723
5.662771
-17.474844
78.702057
139.993073
12.333175
5.846464
-48.252159
-54.724998
-18.059673
-1.109941
-8.178999
-115.756897
7.717773
-81.000946
16.771910
87.652756
181.622452
-90.412743
24.803944
33.343204
69.367424
188.549362
-53.976364
95.090363
34.544491
230.860138
-17.512337
-11.389051
-8.428706
54.325607
12.671846
-17.686035
-7.382384
1.622129
-138.916275
-11.165773
-58.218662
-16.872036
20.582582
-37.451752
10.238799
170.004501
0.878339
48.132881
-36.541931
19.124641
17.829109
-89.341835
36.694065
35.328445
1.900613
18.112761
-11.024673
-27.241232
50.437260
-35.236259
148.880737
53.593102
22.024357
-104.447716
75.308266
-11.711791
7.201644
6.737530
47.911766
42.015362
-26.648525
-0.885783
86.158020
-107.944817
-29.106991
74.229164
-172.053543
45.225811
-53.192856
-18.841873
80.010773
-2.535273
-43.590221
88.793121
-54.190365
-1.801060
16.392694
104.822968
206.657593
-16.300215
0.516935
-84.844383
13.342628
-115.093811
-60.248932
-100.894249
23.047804
118.551208
-63.546616
0.304847
22.016171
30.087860
154.568420
21.389021
-106.407448
-56.919456
14.648787
-9.443153
-73.060081
165.761719
45.320904
14.480338
-10.303845
-3.202160
-49.572403
-111.371666
60.613937
249.172821
-15.388721
-49.290409
-75.752602
-118.522583
18.591135
39.818130
105.142136
62.408688
23.592022
-37.005745
101.764786
28.292900
-8.960941
44.455269
4.678036
16.128609
-28.653637
22.724913
-31.851149
33.432487
39.177505
-41.834435
24.650637
-80.040970
-170.179565
61.317551
-6.906054
-76.664803
-14.696711
17.530014
-202.655212
-101.336769
56.296585
1.514964
21.377480
-71.924843
169.674042
-35.295723
187.582794
-111.730621
-24.576553
-230.142090
-57.667896
-83.739861
-16.995693
209.702576
-35.702034
-183.756622
-56.926792
58.373631
9.476417
-13.762579
-99.348335
15.765251
-102.463173
-38.144306
-39.839512
-13.689091
48.286755
19.561237
9.164384
-36.623482
-7.678358
41.893547
-163.142471
-88.330246
-163.011124
90.102722
-51.562057
-19.353828
217.386566
-16.184294
53.528835
31.655602
-166.404968
-31.278952
158.660248
-195.395111
-3.580467
180.974548
-14.141765
-177.495407
-255.060303
24.262939
-51.935989
6.008551
102.511871
-13.745959
219.713333
-16.798897
-15.407413
237.748123
68.253349
-57.156921
74.267540
21.107565
-8.659794
-192.572327
-108.951836
-150.673767
3.056758
109.048897
171.561539
-45.103340
86.259995
-89.231613
-55.005920
33.748047
411.859985
78.783012
-60.205345
-34.561371
-31.894978
33.429985
-10.440233
49.935593
169.154709
-229.626907
288.611725
85.025337
160.077164
-110.582787
106.467621
47.572132
-72.380859
158.390640
2.471761
89.619995
45.661968
321.566772
253.027847
85.023468
-16.351042
13.456631
41.239632
-25.262932
27.818310
48.575993
9.707691
-13.497057
97.943871
45.599564
-51.698494
-55.186195
212.318939
-9.349773
-234.609970
352.916016
-26.189613
74.294357
-49.298306
17.821917
-25.602337
217.229797
55.325905
37.774395
-72.473961
20.970636
9.091287
238.092896
25.651718
25.476465
224.246582
95.593529
36.447529
-34.037743
102.756119
-76.489990
103.705383
11.280466
20.629242
-12.052845
-21.014315
25.312662
56.683304
-57.168182
24.327192
58.828972
213.918243
313.114777
16.882309
362.171661
111.336395
14.680945
1.268985
-55.957535
-98.715614
184.208771
14.152356
22.508070
11.308236
61.438213
-15.864606
-233.362701
-10.164726
9.233418
-155.801117
59.965466
-77.764397
15.760586
-90.992035
1.961284
-106.100159
-9.554233
-151.732208
6.997944
0.126316
-44.052326
-81.265068
-78.242393
100.197433
38.994617
53.221981
-47.551853
0.501060
99.771172
-1.342837
-42.243729
-82.574219
-195.111145
-90.475029
-4.712720
137.099640
122.411507
13.941761
1.849709
-4.060088
116.297981
73.467819
-133.797729
-229.440826
-52.999851
12.301416
-63.362999
-118.980896
226.921326
-171.087479
171.481308
4.660451
361.126984
-206.535370
183.989136
-195.747284
495.609344
42.160198
15.296501
255.434357
67.101799
16.909876
-36.847054
0.565990
6.485306
-32.884151
90.624733
-81.363647
-17.187550
198.092819
222.327347
128.655670
4.096790
122.710991
245.939011
339.829041
117.633087
77.130844
17.949081
-50.318394
64.523476
-54.118511
1.450365
-28.018486
12.006163
-73.607552
-35.074806
-101.036469
359.035217
-18.198891
122.184677
-37.858948
34.722633
68.467438
-196.768188
8.426412
-143.113922
455.341431
1.851550
-56.537842
438.716339
-93.735207
13.149520
20.790085
188.346115
-8.946945
-109.841179
61.174870
170.412598
-70.671654
8.943873
-30.761791
66.065948
158.561584
-111.552635
246.301819
-117.660461
165.292755
-59.941406
36.436203
108.012146
179.869858
493.340302
12.947499
33.012741
296.846649
-83.931442
-217.962799
-33.089825
-145.352066
-466.311432
-238.281967
-19.400045
274.067322
-86.519821
310.768555
171.250229
23.229851
124.174026
119.401733
108.644821
-168.532501
-53.837204
-187.735352
-115.417534
204.557999
168.760727
-5.744100
-88.919373
216.123520
121.459076
-34.928085
-4.980578
206.973602
341.094269
-32.846165
101.347214
66.870125
-69.282608
190.060379
202.608795
113.279053
15.731848
-296.253357
25.919714
11.532146
15.555099
-863.087280
20.542557
19.291874
-226.390396
-239.601593
-58.906288
418.324219
-53.357952
-99.728699
57.134449
-120.938339
-439.474670
-192.098007
6.789694
31.813341
94.409683
-86.110031
-57.434757
-9.480437
251.027252
57.401649
406.056702
105.302635
34.012527
198.253265
96.072578
278.459167
28.220770
-128.734604
173.897476
-53.306679
-2.536259
-176.600403
-24.904783
613.741577
-140.550995
-6.707494
146.435257
-92.243958
-218.783447
12.490674
122.919708
-345.637726
-400.332031
0.754101
-25.727001
170.653641
-244.316757
-280.616028
-309.848969
6.419174
163.843994
-80.431557
43.588299
6.656841
346.807220
-16.739231
56.502270
17.179531
60.302067
632.755737
-202.905670
-70.485268
-30.806297
-113.256935
-115.894653
-40.992596
131.466263
-225.642044
-442.718597
-260.696259
228.198959
-424.038879
167.917999
427.945343
104.970253
415.494476
-71.700485
31.392773
14.766621
-24.827658
164.055634
-55.252701
617.057556
-18.350571
-263.294067
3.518566
474.015900
-181.338470
-338.752747
197.786285
393.515656
117.661072
58.180378
156.922699
-645.350342
7.572445
6.465450
-63.449169
-89.973190
506.040771
-265.021545
-366.896423
-30.865805
93.885948
-90.329506
-433.657349
120.152855
-99.819618
204.665298
287.871490
-226.184906
-71.544777
-64.075584
-0.685206
116.569321
-339.558350
46.661072
-81.113487
224.043777
225.969986
-59.977306
-550.896912
75.724243
-7.419779
20.497238
-65.732590
-22.848824
39.319374
86.555641
-81.030388
-341.209808
-243.874252
128.122147
114.329185
39.254696
173.046295
-163.137665
-231.460876
-303.883392
82.201256
10.513115
-159.416550
-272.887543
368.394958
-217.486816
-243.679214
348.007294
-222.418701
-7.050762
-340.134949
29.499716
-1.768872
198.723267
-476.222931
-48.167896
289.061432
-27.538555
-19.049501
123.725212
-177.136292
-72.595100
272.098541
-109.842995
166.184860
378.121887
-527.988159
-18.198601
13.411358
-65.624825
-225.901672
-24.357235
-4.303062
622.061584
94.661171
416.784546
-31.369102
-430.669403
62.690567
133.600021
401.741699
313.631317
92.475800
-5.208230
-70.231842
-357.103058
-33.431240
425.486969
324.560516
122.710854
20.389030
-238.873413
326.782623
-340.340210
-419.692383
-119.153969
-408.663208
-30.229904
-21.545725
942.200073
405.616150
13.442020
-200.842880
75.272057
-3.076584
-185.021194
-257.190399
134.826309
487.850861
27.600203
59.308697
-55.130592
118.612740
30.762291
-113.271698
-12.975592
151.867416
190.739166
-522.523987
-114.106712
-661.836731
-125.301727
-179.330276
205.046066
433.670380
330.249512
-270.710541
-237.541306
-221.080246
284.817749
-160.540039
43.261475
190.333176
157.358490
216.714645
-50.894421
25.121735
-375.271545
-11.283013
148.146545
90.026924
10.225422
-233.600067
167.373749
269.365173
13.991598
-360.709503
-175.264557
80.737000
61.109577
-23.178886
-226.280121
178.694489
-637.932739
191.206055
-59.508118
-180.618134
-123.394424
309.355255
-38.696335
-425.747620
47.699974
170.469131
-53.400242
61.936741
354.116302
29.693722
86.323555
179.959793
-202.320007
55.423931
45.241024
79.001221
48.073444
194.594910
93.752182
-180.036697
-185.025421
-480.295044
390.599976
-227.386353
-226.474243
374.841248
37.376774
-340.975342
448.880920
-3.656662
-436.884674
-191.549515
469.982178
455.180542
-475.546661
-68.679878
8.416130
-80.059166
-341.467834
-172.667130
-139.035019
94.305687
62.509846
678.224487
556.194580
-421.599335
214.780121
27.466682
146.400314
514.289001
157.038773
-143.061554
0.000000
0.000000
