-1.000000
0.357788
0.409206
-0.108553
-3.105469
-2.958230
0.022272
-1.857559
3.252189
-1.175048
-0.008880
-2.674841
-0.346801
-1.554310
0.578216
-1.661620
5.524368
-0.315571
-6.859861
-10.830131
-7.771724
0.228111
-1.313598
12.303082
10.789489
1.667717
-0.008171
1.720383
1.071257
-12.363858
14.416955
-3.096923
-2.165516
13.725425
-3.485229
4.646238
11.904051
5.181151
3.761718
-0.568107
-4.170377
-0.729736
11.047362
-12.239253
-0.094108
14.715151
-8.124450
17.757784
7.692354
9.224532
1.571805
7.505848
-0.330177
-7.429686
-15.250967
26.421864
7.711905
-3.410244
1.171044
-3.276845
8.262075
-14.538929
11.469020
15.385023
2.908613
10.251891
0.883559
23.905264
3.442766
0.227531
-39.728130
31.603365
-5.901367
-16.518538
-11.935603
-5.284785
-24.698536
-11.326568
-0.772460
8.702575
-13.919352
9.134274
-1.175200
-1.816161
1.783202
-27.058262
12.830561
-22.909147
0.136177
-35.089832
5.122069
-10.263183
5.668883
-1.383544
26.902338
51.618034
2.310163
-50.293697
13.736434
11.677611
-19.894037
-2.391550
-22.315641
4.612052
16.848234
-35.948666
17.220451
7.096427
-15.507812
-37.312252
-38.513416
18.293318
-12.956920
0.637069
-47.235725
10.405268
-52.040974
-0.480077
7.730406
3.126829
0.400847
-48.539040
-3.773855
-14.828121
-18.477415
4.669912
-44.500954
13.395720
27.288492
-7.646972
6.422603
-47.710232
62.235340
-58.210690
77.147430
-12.953838
30.570982
23.079098
-22.339170
14.434315
-4.182974
-25.068083
-43.982655
-39.673824
-62.521969
-112.941261
-12.440421
-45.954750
-20.472586
16.318718
-34.583858
-16.782713
-23.353939
-0.648773
-13.925383
-3.765497
6.749996
-87.439445
-51.716648
40.644463
8.193353
-7.943109
13.956237
34.134701
-45.157574
86.350456
14.745818
23.031855
-0.501568
-20.474607
-7.814383
-4.513427
-117.007164
19.044676
9.715757
-2.541014
-43.066124
-99.089790
6.681121
-5.843748
-96.897446
35.640045
23.525717
34.585934
-117.199173
-20.525379
0.019713
-1.989181
-114.190117
7.462461
1.416344
3.706998
22.374754
22.752735
11.134732
-6.455070
13.257055
3.440917
-97.363754
-31.843258
13.872066
22.758909
31.621071
-1.261620
126.651848
-27.932566
-6.408168
-24.825712
-48.550777
4.009944
-13.434477
0.448104
-3.847618
-4.244871
-20.790993
53.333839
57.790871
16.321003
-64.433411
-80.538948
1.033185
34.591297
52.272884
-48.318691
2.197201
-170.476501
42.114735
0.663769
-2.867149
32.283199
-82.134758
55.852760
17.646236
10.773420
17.945305
-12.363280
-57.628868
0.239212
13.994728
-61.186932
-90.613274
73.986320
-40.868359
-61.917427
48.448582
29.071016
-9.592769
5.663557
-17.474356
78.703018
139.996796
12.333419
5.846159
-48.251671
-54.726433
-18.059673
-1.109860
-8.178953
-115.881897
7.717758
-81.015556
16.771849
87.656113
181.622269
-90.411736
24.803677
33.342701
69.371086
188.546432
-53.976345
95.089325
34.544918
230.863663
-17.511707
-11.389021
-8.428695
54.325539
12.671839
-17.685173
-7.382323
1.622374
-138.914017
-11.165525
-58.218616
-16.872036
20.581537
-37.451138
10.239257
170.129501
0.878828
48.133785
-36.542965
19.124489
17.845219
-89.341789
36.757748
35.331951
1.900327
18.112730
-11.024178
-27.241690
50.437199
-35.236259
149.005676
53.593712
22.024281
-104.449181
75.308510
-11.711791
7.202132
6.737422
47.911579
42.015118
-26.651363
-0.886688
86.157928
-107.944328
-29.106441
74.229164
-172.052475
45.225765
-53.192852
-18.843685
80.011688
-2.537104
-43.591198
88.796745
-54.191341
-1.801022
16.392694
104.821739
206.686859
-16.298674
0.518522
-84.844109
13.342750
-115.127922
-60.249901
-100.894005
23.062361
118.554672
-63.544907
0.306609
22.016109
30.089775
154.569321
21.389875
-106.407448
-56.919819
14.650618
-9.443092
-73.062492
165.890366
45.320904
14.480460
-10.303815
-3.202281
-49.573349
-111.371086
60.613144
249.187469
-15.390552
-49.289059
-75.814125
-118.519135
18.591623
39.818352
105.156235
62.408199
23.593731
-37.005608
101.764267
28.292839
-8.964840
44.456963
4.677731
16.189445
-28.654293
22.726255
-31.850584
33.433094
39.177727
-41.835384
24.650389
-80.042885
-170.179535
61.317307
-6.905729
-76.663795
-14.696684
17.529747
-202.652252
-101.335793
56.296303
1.514400
21.377468
-71.924843
169.671600
-35.295723
187.581451
-111.734276
-24.577496
-230.145981
-57.667896
-83.741692
-16.995691
209.702484
-35.702873
-183.880524
-56.927631
58.372898
9.476317
-13.761717
-99.347328
15.765495
-102.462563
-38.144527
-39.839352
-13.689205
48.286983
19.562458
9.167953
-36.623405
-7.678114
41.894524
-163.140518
-88.329941
-163.009659
90.101242
-51.560341
-19.354790
217.386444
-16.185270
53.527309
31.655506
-166.403961
-31.280882
158.658249
-195.389252
-3.581902
180.974548
-14.157084
-177.495041
-255.059540
24.263607
-51.937431
6.008184
102.513786
-13.745955
219.716721
-16.798820
-15.407470
237.748032
68.253288
-57.163933
74.267509
21.109274
-8.659664
-192.570297
-108.949150
-150.671799
3.056758
109.048409
171.561508
-45.103340
86.261681
-89.230331
-55.005733
33.747917
411.874451
78.796867
-60.206749
-34.562313
-31.895430
33.433525
-10.440229
49.937424
169.156174
-229.656113
288.609283
85.027077
160.076157
-110.582756
106.467583
47.570179
-72.382805
158.395462
2.472644
89.619995
45.661968
321.573944
253.028305
85.027252
-16.351011
13.460506
41.241203
-25.262444
27.818304
48.575924
9.707670
-13.498034
97.944328
45.599483
-51.698483
-55.185951
212.317795
-9.349771
-234.617172
352.921753
-26.251564
74.294296
-49.312435
17.822264
-25.609280
217.232162
55.325863
37.774288
-72.473839
20.970205
9.091271
238.093735
25.650246
25.476431
224.246811
95.593498
36.447247
-34.037670
102.755569
-76.489929
103.708679
11.280462
20.632782
-12.052601
-21.014006
25.319914
56.683296
-57.168182
24.328093
58.843498
213.921844
313.108856
16.882309
362.171661
111.335419
14.680877
1.269458
-55.960892
-98.715614
184.208755
14.156245
22.516600
11.308221
61.445248
-15.865094
-233.362213
-10.163567
9.233871
-155.801071
59.964733
-77.764397
15.760431
-90.991875
1.961158
-106.097458
-9.554652
-151.734039
6.999866
0.140347
-44.054157
-81.265068
-78.244133
100.201096
38.995594
53.221615
-47.552731
0.533202
99.770866
-1.342772
-42.243462
-82.577866
-195.108871
-90.476433
-4.712385
137.099396
122.411491
13.941616
1.851540
-4.060027
116.299919
73.467567
-133.812241
-229.468719
-52.998997
12.300287
-63.363232
-118.980400
226.921112
-171.087387
171.484360
4.660888
361.127899
-206.534393
183.992065
-195.749237
495.609344
42.164043
15.296501
255.436020
67.109367
16.909620
-36.845436
0.566357
6.483139
-33.007198
90.623955
-81.363274
-17.251858
198.089645
222.326126
128.655243
4.096664
122.718315
246.005295
339.825134
117.640411
77.130730
17.948727
-50.318348
64.523415
-54.120342
1.449827
-28.018425
12.006163
-73.608528
-35.074150
-101.031097
359.043030
-18.198235
122.186508
-37.859005
34.722527
68.466301
-196.767517
8.426251
-143.117157
455.338806
1.851550
-56.537106
438.715729
-93.733131
13.149962
20.788010
188.374741
-8.944992
-109.841179
61.175716
170.413803
-70.671623
8.943847
-30.762753
66.065887
158.562485
-111.552238
246.301331
-117.664047
165.296616
-59.945297
36.435959
108.011589
179.873520
493.340302
12.947255
33.007614
296.846649
-83.935043
-217.966705
-33.089825
-145.351547
-466.310455
-238.285873
-19.399885
274.067322
-86.523430
310.769470
171.279526
23.230339
124.173683
119.405609
108.648422
-168.546600
-53.841049
-187.749878
-115.417412
204.554642
168.760727
-5.744092
-88.918854
216.123520
121.460892
-34.925522
-4.982406
206.976532
341.123322
-32.846127
101.374924
66.870110
-69.296860
190.058395
202.608795
113.277039
15.730314
-296.310486
25.918859
11.532073
15.558571
-863.083374
20.542465
19.291004
-226.390335
-239.601532
-58.921852
418.326050
-53.357204
-99.726471
57.133656
-120.952965
-439.484283
-192.095932
6.796873
31.829943
94.437271
-86.124619
-57.433224
-9.480407
251.027252
57.401161
406.062408
105.304588
34.140549
198.377762
96.072487
278.459167
28.221655
-128.741928
173.898392
-53.306618
-2.537838
-176.597626
-24.906248
613.741577
-140.550507
-6.707479
146.433304
-92.242004
-218.812195
12.490659
122.921585
-345.632782
-400.333862
0.820309
-25.726803
170.656052
-244.316757
-280.615906
-309.847015
6.413803
163.843719
-80.429558
43.587154
6.671490
346.811981
-16.739229
56.534985
17.179501
60.302052
632.812317
-202.902191
-70.489006
-30.806053
-113.312355
-115.894501
-40.996075
131.466263
-225.642014
-442.718231
-260.702118
228.202621
-424.038727
167.919830
427.951080
104.999992
415.490570
-71.699203
31.394466
14.766132
-24.828115
164.054550
-55.310287
617.052673
-18.350571
-263.292938
3.515514
474.030548
-181.343597
-338.752411
197.783829
393.531219
117.667816
58.178425
156.937469
-645.343689
7.575863
6.464718
-63.452999
-89.972633
506.036835
-265.021301
-366.902283
-30.865660
93.885612
-90.327553
-433.686493
120.152306
-99.819496
204.665176
287.867096
-226.179047
-71.542931
-64.075157
-0.685206
116.632797
-339.558289
46.662041
-81.117149
224.046677
225.984085
-59.981441
-550.890076
75.724228
-7.419920
20.496750
-65.734299
-22.846596
39.320274
86.555641
-81.031242
-341.217621
-243.874985
128.124954
114.328667
39.320004
173.042877
-163.136688
-231.460876
-303.890594
82.202141
10.513183
-159.415817
-272.887543
368.402771
-217.483368
-243.679153
348.006805
-222.420624
-7.050762
-340.131042
29.499952
-1.768852
198.722534
-476.218536
-48.167835
289.060028
-27.538555
-19.049494
123.732903
-177.135712
-72.624336
272.097565
-109.843712
166.182846
378.121521
-527.987976
-18.199200
13.413296
-65.624825
-225.905579
-24.357113
-4.296867
622.060364
94.659660
416.812439
-31.369011
-430.667450
62.722652
133.600021
401.749969
313.686981
92.476273
-5.208122
-70.233353
-357.093719
-33.429623
425.482269
324.560516
122.710777
20.388420
-238.872421
326.778229
-340.343719
-419.698975
-119.152016
-408.667938
-30.229843
-21.545652
942.187317
405.623962
13.441349
-200.842758
75.271904
-3.077988
-185.026230
-257.248993
134.823807
487.858673
27.601072
59.308529
-55.191338
118.611244
30.761192
-113.271454
-12.975584
151.874985
190.739166
-523.015076
-114.101311
-661.836609
-125.300522
-179.334183
205.045578
433.670380
330.249969
-270.714813
-237.540756
-221.083908
284.874329
-160.539780
43.507751
190.335129
157.355301
216.717758
-50.898266
25.121580
-375.272430
-11.282889
148.148346
90.030678
10.225422
-233.599579
167.373459
269.359344
13.991209
-360.702911
-175.264374
80.736313
61.116879
-23.178886
-226.279770
178.694321
-637.936157
191.205795
-59.515366
-180.618027
-123.406143
309.354401
-38.695297
-425.747620
47.700886
170.465195
-53.400082
61.936695
354.116302
29.757809
86.323235
179.958817
-202.319733
55.423931
45.240719
79.033905
48.076130
194.624207
93.751694
-180.030746
-185.026337
-480.295013
390.607391
-227.385590
-226.471542
374.841156
37.376743
-340.982361
449.013458
-3.671310
-436.900238
-191.553391
469.979950
455.180481
-475.546661
-68.679863
8.415154
-80.057213
-341.467590
-172.670883
-139.550522
94.308098
62.511646
678.224487
556.206970
-421.597382
214.779999
27.466679
146.398300
514.289001
157.038681
-143.061432
0.000000
0.000000
