0.495132
0.238242
0.861778
0.643223
0.972002
0.797334
0.981122
0.924180
0.450930
0.666133
0.273105
0.943386
0.995973
0.999084
0.919036
0.860886
0.152251
0.391284
0.283794
0.647704
0.867451
0.849044
0.950464
0.383725
0.090336
0.408993
0.695683
0.804752
0.580162
0.942746
0.516421
0.260896
0.987336
0.317618
0.254998
0.998892
0.980006
0.879281
0.916357
0.007397
0.949513
0.674868
0.616576
0.744957
0.043063
0.182276
0.863516
0.693975
0.268877
0.982261
0.121320
0.517247
0.534606
0.015248
0.776182
0.636375
0.138090
0.936742
0.550684
0.988291
0.753996
0.996649
0.714565
0.686144
0.818828
0.870218
0.988270
0.839634
0.122593
0.354264
0.027366
0.818549
0.305926
0.571756
0.316109
0.216256
0.678742
0.838917
0.982874
0.876190
0.479585
0.852876
0.788976
0.725080
0.699287
0.045861
0.024079
0.406342
0.121207
0.858131
0.989098
0.040184
0.549711
0.974032
0.860213
0.454483
0.845153
0.982838
0.997462
0.330042
0.633254
0.138032
0.996830
0.389566
0.607488
0.720712
0.181029
0.423479
0.675220
0.961829
0.984654
0.969575
0.819701
0.320164
0.970520
0.942446
0.764727
0.159080
0.302072
0.352192
0.996790
0.999249
0.841412
0.999942
0.989570
0.988214
0.914877
0.867785
0.390378
0.706521
0.004070
0.864552
0.987827
0.994670
0.001513
0.319115
0.927333
0.561916
0.036613
0.544665
0.631510
0.780679
0.995518
0.543454
0.734571
0.268533
0.519551
0.753438
0.836312
0.442910
0.991784
0.871861
0.793530
0.922832
0.999854
0.312491
0.942350
0.938324
0.991283
0.299840
0.610144
0.922206
0.957105
0.947591
0.070873
0.985872
0.341227
0.101923
0.847816
0.761342
0.635099
0.762403
0.697504
0.295200
0.832928
0.261833
0.977097
0.865684
0.341246
0.770783
0.998900
0.178635
0.997224
0.467325
0.733107
0.541601
0.882766
0.762771
0.551922
0.598262
0.399568
0.447692
0.777262
0.359813
0.909668
0.924716
0.121081
0.084320
0.772932
0.776932
0.636853
0.310126
0.242754
0.187590
0.971007
0.066541
0.770066
0.716075
0.652457
0.343120
0.880288
0.636549
0.525010
0.874292
0.597041
0.997979
0.866489
0.161475
0.300758
0.453849
0.162988
0.992127
0.982858
0.039024
0.983910
0.361024
0.321691
0.195828
0.685901
0.902906
0.711858
0.039380
0.964067
0.381803
0.752436
0.081347
0.835895
0.837393
0.671003
0.076184
0.786743
0.429368
0.829278
0.956096
0.728712
0.997943
0.468399
0.170600
0.848185
0.984071
0.556178
0.999983
0.990434
0.141887
0.942410
0.782182
0.923868
0.405953
0.715060
0.993770
0.828878
0.507657
0.136698
0.183502
0.117534
0.767946
0.154416
0.996155
0.907568
0.868867
0.808233
0.814091
0.989381
0.226292
0.919188
0.659863
0.591756
0.988574
0.810713
0.628719
0.814321
0.763977
0.535973
0.699296
0.833926
0.649722
0.999745
0.980128
0.841488
0.941995
0.681108
0.797307
0.578974
0.998349
0.471007
0.454164
0.865135
0.302100
0.211855
0.219233
0.192277
0.060957
0.150562
0.412423
0.997758
0.678095
0.011651
0.989674
0.989998
0.857674
0.968672
0.908802
0.964775
0.903838
0.060595
0.767225
0.614131
0.999102
0.189434
0.772119
0.598905
0.934120
0.017356
0.345813
0.363056
0.082844
0.288994
0.675844
0.906845
0.655192
0.832224
0.380027
0.976334
0.875896
0.244620
0.923022
0.441900
0.878571
0.371479
0.925476
0.805860
0.461873
0.164379
0.996753
0.904968
0.892246
0.678883
0.616107
0.861541
0.934134
0.867671
0.962121
0.720460
0.090790
0.231329
0.765595
0.305285
0.147934
0.543835
0.999798
0.434350
0.960940
0.065802
0.584465
0.999603
0.132136
0.807641
0.745842
0.058903
0.424031
0.546292
0.705071
0.454050
0.636635
0.926878
0.192849
0.465155
0.848809
0.999963
0.829041
0.616382
0.029109
0.965859
0.891870
0.940700
0.997332
0.193659
0.870174
0.941818
0.839903
0.571673
0.994655
0.077936
0.521951
0.555764
0.412801
0.741567
0.914192
0.353198
0.387628
0.630884
0.982602
0.662498
0.768390
0.226198
0.790018
0.906551
0.661104
0.903573
0.490210
0.231860
0.381120
0.866174
0.104409
0.674439
0.970098
0.752537
0.821010
0.999424
0.990074
0.569619
0.469690
0.911647
0.954456
0.251034
0.267483
0.598082
0.348257
0.140291
0.966073
0.212725
0.534790
0.319374
0.865471
0.134628
0.814098
0.626096
0.954311
0.946635
0.975086
0.550281
0.599041
0.476385
0.272916
0.381587
0.880632
0.863903
0.995769
0.162949
0.793682
0.997272
0.997049
0.256872
0.999819
0.972971
0.435390
0.944615
0.886977
0.063194
0.820035
0.424604
0.263663
0.969174
0.802053
0.045715
0.920326
0.452523
0.452770
0.908972
0.872229
0.619855
0.914789
0.005906
0.987283
0.391644
0.205705
0.921896
0.930758
0.258083
0.998645
0.193976
0.990792
0.344460
0.736351
0.985914
0.704642
0.927371
0.104453
0.672645
0.202338
0.756212
0.091690
0.987423
0.925491
0.735403
0.428654
0.649587
0.968611
0.750263
0.642651
0.984067
0.815655
0.886517
0.826268
0.985178
0.223469
0.501642
0.997858
0.591394
0.962818
0.754435
0.871958
0.768118
0.988885
0.536409
0.990701
0.382610
0.709554
0.813439
0.561577
0.950986
0.656188
0.718217
0.684196
0.865279
0.493432
0.986961
0.992314
0.118748
0.989146
0.989161
0.735240
0.286968
0.537588
0.585810
0.976044
0.498861
0.737335
0.118799
0.065873
0.840095
0.143302
0.199719
0.734322
0.273129
0.874076
0.345043
0.680469
0.976646
0.994091
0.964860
0.282286
0.634952
0.992089
0.050718
0.659254
0.882294
0.980735
0.152176
0.686642
0.980948
0.968558
0.999967
0.064345
0.662861
0.997732
0.823690
0.963007
0.885088
0.332074
0.491746
0.975359
0.723533
0.358649
0.921069
0.471779
0.844240
0.637458
0.376734
0.014728
0.988981
0.363496
0.283116
0.862254
0.495429
0.155497
0.926994
0.577491
0.510303
0.925250
0.950319
0.690426
0.713126
0.295770
0.307906
0.708144
0.658514
0.903941
0.427500
0.877360
0.191537
0.857434
0.524707
0.884918
0.420276
0.013392
0.995295
0.935918
0.060748
0.588981
0.113528
0.057866
0.364011
0.668895
0.978525
0.999079
0.540722
0.933455
0.998816
0.468004
0.195891
0.944477
0.870563
0.740146
0.118187
0.727133
0.087491
0.999766
0.956908
0.950267
0.141616
0.184015
0.592021
0.832113
0.986164
0.930895
0.141620
0.309386
0.982944
0.998750
0.675403
0.660084
0.979325
0.044341
0.996220
0.993349
0.505157
0.442769
0.276291
0.997378
0.733133
0.949210
0.999305
0.317988
0.707133
0.997765
0.873297
0.230219
0.984605
0.956406
0.999794
0.776437
0.159642
0.308677
0.989395
0.374521
0.556142
0.772074
0.367082
0.999733
0.844805
0.945766
0.966252
0.891062
0.973435
0.984966
0.009753
0.359569
0.989434
0.419429
0.061235
0.356375
0.485626
0.916049
0.307950
0.299715
0.988160
0.816261
0.537172
0.668333
0.998622
0.996451
0.969842
0.605009
0.982835
0.999936
0.994844
0.198000
0.630965
0.951831
0.997593
0.699188
0.995328
0.926756
0.071244
0.413241
0.990918
0.910121
0.807131
0.549265
0.301286
0.684404
0.113701
0.985681
0.536403
0.988528
0.989641
0.069532
0.998971
0.933032
0.838181
0.967431
0.971889
0.025694
0.948518
0.991198
0.503370
0.394055
0.969852
0.352350
0.997606
0.463173
0.078286
0.909606
0.517125
0.871797
0.756271
0.990079
0.997726
0.445523
0.169575
0.353109
0.749961
0.660278
0.952469
0.860417
0.179551
0.268633
0.317042
0.132905
0.016994
0.998251
0.311620
0.901996
0.390762
0.159338
0.495082
0.366659
0.456099
0.247006
0.341507
0.682015
0.042376
0.970600
0.333522
0.774674
0.138111
0.282725
0.177339
0.991975
0.816024
0.249282
0.886528
0.751847
0.058327
0.358308
0.362052
0.982148
0.311764
0.491353
0.593817
0.184519
0.910728
0.581198
0.991785
0.817767
0.131507
0.553335
0.894938
0.924720
0.863639
0.349619
0.834261
0.857537
0.846301
0.886615
0.126070
0.145727
0.986288
0.364594
0.041831
0.759496
0.455370
0.821476
0.809576
0.998417
0.774660
0.939656
0.093401
0.408221
0.985344
0.088394
0.632300
0.697251
0.012093
0.364277
0.163815
0.625753
0.061226
0.600919
0.222050
0.381412
0.995918
0.186908
0.995037
0.691004
0.980817
0.154871
0.290926
0.999948
0.011907
0.043362
0.994105
0.550440
0.052701
0.217097
0.983558
0.902479
0.957887
0.999805
0.555688
0.412572
0.936623
0.986878
0.717921
0.990941
0.992877
0.959435
0.441843
0.877819
0.270373
0.151040
0.178523
0.904496
0.741515
0.060889
0.968345
0.996269
0.909111
0.520663
0.709003
0.236323
0.919135
0.949750
0.830154
0.878165
0.998406
0.094383
0.934747
0.602912
0.861092
0.996654
0.356969
0.261762
0.643520
0.911553
0.557535
0.694669
0.297054
0.999663
0.871098
0.463821
0.899659
0.860994
0.051238
0.554834
0.585503
0.933200
0.923215
0.301771
0.601279
0.362608
0.999995
0.999316
0.729457
0.177848
0.695777
0.920331
0.836922
0.932430
0.021635
0.099607
0.375943
0.080965
0.790602
0.021153
0.174781
0.376918
0.384464
0.966860
0.452745
0.970825
0.619261
0.936480
0.101738
0.995290
0.323328
0.909228
0.628845
0.071495
0.605192
0.851043
0.125565
0.969303
0.692891
0.889943
0.999437
0.052207
0.710744
0.917006
0.217023
0.972972
0.388510
0.991281
0.242350
0.457824
0.730496
0.782802
0.193866
0.774226
0.592552
0.388145
0.668880
0.891180
0.928130
0.673422
0.257578
0.996907
0.062067
0.684137
0.775053
0.878810
0.220709
0.855497
0.998303
0.770016
0.885387
0.108515
0.030405
0.999451
0.468272
0.873862
0.252272
0.647655
0.557913
0.512241
0.701012
0.097952
0.134402
0.997941
0.937232
0.948988
0.140819
0.595073
0.917141
0.829363
0.995618
0.868650
0.193229
0.454280
0.662461
0.943780
0.555021
0.405517
0.727893
0.707807
0.070469
0.907166
0.079618
0.570181
0.308439
0.170412
0.999738
0.933334
0.998863
0.516470
0.550292
0.978352
0.998079
0.872069
0.927964
0.780135
0.955967
0.356061
0.206201
0.436285
0.037572
0.314277
0.588181
0.981084
0.988486
0.394211
0.851725
0.140764
0.562679
0.959226
0.083630
0.960806
0.562097
0.999070
0.962375
0.944214
0.029997
0.630935
