1.052810
1.330241
-0.532032
0.872097
0.237191
-0.647932
-0.194615
0.391912
-1.102990
-0.841784
1.294177
-0.338102
-0.089774
-0.042805
-0.405167
0.533787
-1.417951
-1.168770
-1.283047
-0.866229
-0.520741
0.556623
-0.316071
1.176970
-1.480337
-1.149446
0.801426
-0.635538
-0.951869
0.340026
1.028130
1.306846
0.159313
-1.247580
1.312950
0.047080
0.200307
0.496445
0.411911
1.563399
-0.319118
0.830010
-0.906411
0.730327
1.527720
-1.387496
0.528596
-0.803801
1.298569
0.188635
1.449177
-1.027165
1.006755
1.555547
-0.682208
-0.881006
-1.432264
0.357593
-0.987613
-0.153177
-0.716671
0.081889
-0.774794
-0.814621
0.611430
-0.515151
0.153314
-0.574188
1.447894
1.208670
-1.543426
-0.611916
1.259886
0.962152
-1.249171
-1.352818
-0.824748
0.575506
-0.185336
-0.502896
-1.070615
-0.549326
-0.661656
-0.759645
-0.796397
1.524919
-1.546715
1.152350
1.449291
0.539178
-0.147800
-1.530602
-0.988778
-0.228391
0.535108
-1.099005
0.563945
-0.185534
0.071255
-1.234449
0.885046
-1.432322
-0.079641
1.170636
0.917901
0.765967
-1.388764
1.133514
0.829534
-0.277186
-0.175417
-0.247309
-0.609907
1.244894
-0.243418
-0.340924
0.700179
1.411038
-1.263931
1.210884
-0.080147
-0.038766
0.570905
-0.010728
-0.144555
0.153682
0.415593
0.520069
1.169755
-0.786226
-1.566727
0.526538
0.156188
-0.103289
1.569283
-1.246001
0.383573
0.974096
-1.534175
0.994807
-0.887297
-0.675045
-0.094718
-0.996249
0.745762
1.298927
1.024470
-0.717520
-0.580275
-1.111955
-0.128277
-0.511806
-0.654208
-0.395426
-0.017113
1.252983
-0.341210
-0.353046
0.132133
1.266272
-0.914553
0.397049
-0.293956
0.325186
1.499864
0.168297
1.222574
1.468696
0.558944
-0.705416
0.882659
-0.703778
0.798888
-1.271131
0.586419
-1.305875
0.214434
0.524281
-1.222554
0.690726
0.046917
1.391198
-0.074527
-1.084534
0.747917
0.998455
0.489079
0.703209
-0.986129
-0.929465
1.159750
1.106614
-0.680494
-1.202729
0.428313
-0.390508
-1.449417
-1.486376
-0.687348
0.681019
0.880387
1.255471
1.325592
1.382088
0.241388
-1.504206
0.691852
0.772634
-0.859974
-1.220560
0.494328
-0.880780
1.018069
0.506821
0.930989
-0.063591
-0.522671
-1.408611
-1.265309
-1.099717
-1.407078
-0.125568
-0.185425
-1.531763
0.179632
-1.201430
1.243282
-1.373694
0.814955
0.444313
0.778656
1.531406
-0.268887
-1.179050
0.719043
-1.489360
-0.581035
0.578300
-0.835235
1.494539
0.665281
-1.127004
0.592981
0.297417
0.754357
0.064153
1.083318
-1.399358
-0.558247
-0.178728
0.981017
0.005853
0.138432
1.428429
0.341033
0.672637
0.392728
-1.152775
-0.774086
-0.111683
-0.593697
-1.038333
-1.433669
-1.386249
-1.452990
-0.695168
-1.415760
0.087719
-0.433340
0.517888
0.629652
0.619635
-0.145860
-1.342527
-0.404783
-0.850159
-0.937561
-0.151313
-0.625428
-0.890891
0.619239
0.701342
-1.005136
-0.796384
0.584613
0.863578
-0.022603
0.199692
-0.570765
0.342272
-0.821522
0.647977
-0.953326
0.057466
-1.080364
1.099363
0.525377
-1.263902
-1.357323
-1.349768
-1.377314
-1.509801
-1.419660
-1.145684
-0.066980
0.825629
1.559145
0.143832
-0.141555
-0.540067
0.250968
-0.430392
0.266210
-0.442141
1.510164
-0.696293
0.909512
-0.042383
1.380211
-0.688628
-0.928664
-0.365010
-1.553439
1.217692
-1.199250
-1.487857
-1.277620
0.828687
0.435059
0.856360
-0.587690
-1.180971
0.217993
-0.503506
1.323669
-0.394933
1.113080
0.497935
-1.190195
0.388505
-0.633671
-1.090691
1.405668
-0.080608
0.439492
-0.468500
0.824556
-0.907005
-0.532499
0.364970
0.520299
-0.276120
0.766331
-1.479882
1.337353
-0.698831
-1.260558
1.422318
-0.995796
0.020118
1.121480
-0.280419
1.504947
-0.946576
0.028171
-1.438273
0.630656
-0.728998
1.511859
1.132905
0.992866
-0.788273
-1.099491
0.880669
0.384789
-1.376731
1.086986
-0.557068
0.008574
0.593406
-0.906657
1.541684
0.262059
-0.469334
0.346109
-0.073060
-1.375906
0.515241
0.342797
0.573692
-0.962253
-0.103441
1.492782
1.021660
0.981515
-1.145269
0.735394
0.417287
-1.209809
1.172739
0.888104
0.186809
-0.846647
-0.694474
1.342624
-0.659958
-0.435756
0.848507
0.442760
1.058466
1.336807
1.179788
-0.523302
1.466197
-0.830592
-0.245161
0.718890
-0.607619
-0.033941
0.141015
-0.964754
-1.081857
-0.423523
-0.302966
1.317048
1.300016
-0.929690
1.215085
-1.430041
-0.261230
1.356434
-1.006537
1.245728
0.524707
1.435759
-0.619622
-0.894260
0.303452
-0.328167
0.223686
0.988095
0.928493
1.074258
-1.294373
1.179284
-0.493603
0.527828
-0.092016
1.407118
-0.653958
-0.073884
-0.076846
-1.311012
0.019035
-0.233030
1.120325
-0.334377
0.480038
-1.507560
0.609324
-1.132272
-1.303979
0.248940
0.640071
-1.525065
0.401883
1.101204
1.100926
-0.429984
-0.511056
0.902239
0.415811
1.564890
-0.159650
-1.168379
-1.363612
0.397852
0.374316
1.309759
0.052066
-1.375583
0.135813
1.219133
0.743135
0.168042
0.788878
0.383472
1.466153
0.833019
1.367052
-0.713293
-1.478978
0.158766
0.388465
0.744535
1.127794
-0.863755
-0.251214
-0.722337
0.872843
0.178749
-0.616935
-0.481035
0.598347
-0.172386
-1.345425
-1.045300
-0.065468
-0.938010
-0.273548
-0.716004
0.511608
-0.694900
-0.149233
1.004620
0.136477
1.178177
-0.781931
0.620756
-0.974506
0.314387
0.855041
-0.769560
0.817296
-0.525089
1.054765
-0.161661
0.124060
1.451768
0.147470
-0.147369
-0.744775
-1.279736
-1.003222
-0.944917
-0.219329
1.048512
-0.741679
1.451717
-1.504875
0.573337
1.426999
1.369725
0.746129
-1.294152
0.507266
1.218512
0.822394
0.216545
0.108766
-0.265885
1.284620
0.882851
-0.125871
1.520056
0.850971
0.490082
-0.196605
1.418027
-0.813936
0.195515
-0.251427
-0.008153
-1.506407
0.846163
0.067368
0.602908
0.272850
0.484113
-1.232295
1.056703
-0.222453
-0.761889
-1.203976
-0.399979
-1.079489
0.565651
-0.879601
-1.184528
-1.556068
-0.148590
-1.198779
-1.283755
0.531094
1.052468
1.414666
-0.384480
-0.955144
-1.035260
-0.389103
0.316536
-0.808718
0.776849
1.270535
-1.257805
-0.783931
-0.851954
0.441900
1.129071
-0.500464
-1.378068
-0.540535
-1.018426
0.484479
1.137047
-1.557404
0.097043
-0.359940
1.510011
0.940999
1.457023
-1.512898
1.198226
-0.838075
-0.207616
-0.042925
0.999501
0.366869
-0.048664
1.083765
-1.373630
0.334796
0.514451
-0.737509
1.452332
-0.756660
-1.483193
0.021614
0.294635
0.316703
1.428702
1.385726
0.937232
0.587890
-0.166544
-0.373940
1.428699
-1.256249
-0.184957
-0.050011
-0.829285
0.849866
0.203699
-1.526440
0.086970
-0.115395
-1.041233
1.112112
-1.290864
0.072425
-0.747879
0.320081
-0.037277
-1.247190
-0.785361
-0.066872
-0.508866
1.338494
-0.175695
-0.296360
0.020319
-0.681804
1.410468
1.256994
-0.145765
1.186916
0.981059
0.688698
-1.194926
0.023089
0.564596
0.330853
0.260536
0.471116
-0.231012
0.173622
1.561043
-1.202991
-0.145497
-1.137980
1.509523
1.206411
-1.063717
-0.412682
1.257759
1.266403
0.154033
0.615888
1.003715
0.838830
-0.052511
-0.084274
-0.246217
-0.921019
-0.185549
-0.011297
0.101592
-1.371479
0.888000
-0.311644
0.069396
-0.796536
0.096705
0.385114
1.499492
1.144786
-0.134874
0.427219
-0.631520
-0.989312
1.264755
-0.817011
-1.456849
0.169431
-1.004627
0.151620
-0.144065
1.501208
0.045366
0.368047
-0.576857
-0.255919
-0.237670
-1.545100
-0.322273
0.132775
-1.043302
1.165757
-0.246173
1.210715
0.069209
1.089224
1.492431
-0.428462
-1.027307
-0.511937
-0.713202
0.140975
-0.067452
-1.109038
1.400397
1.209904
0.722794
0.849607
0.309555
0.534708
1.390266
-1.298823
-1.248187
1.437497
-1.553802
0.059148
-1.253899
-0.446425
-1.169337
1.410777
-1.052867
-1.195381
-1.097189
-1.321207
1.222276
-0.820281
-1.528407
-0.243086
1.230760
-0.684598
1.432242
-1.284162
-1.392514
-0.126772
0.616298
-1.318858
0.481010
-0.719937
-1.512436
-1.204341
-1.200328
0.189235
-1.253747
1.057154
0.935002
1.385214
0.425753
-0.950596
-0.128264
0.613276
1.438907
-0.984434
0.462504
0.390498
-0.528353
-1.213632
0.584005
0.540334
0.561794
-0.480823
-1.444390
-1.424549
-0.165793
1.197600
1.528953
-0.708258
1.098009
0.606802
-0.627368
-0.056279
-0.684620
-0.349174
1.477259
-1.150292
-0.171417
-1.482287
-0.886278
0.799241
1.558703
1.197939
-1.406239
0.894700
1.509532
-0.926145
-1.346880
-1.179473
-0.090383
1.382782
0.099669
-0.807919
0.196185
-1.415299
1.275602
0.010232
1.558889
-1.527421
0.108631
-0.987906
1.518071
-1.351956
-0.181591
0.445306
0.291246
0.019731
-0.981606
-1.145521
-0.357933
0.162181
0.769985
0.134707
-0.119424
0.285805
-1.113144
0.499507
-1.297015
1.419176
1.391311
-0.440600
0.735470
1.509870
-0.252285
0.086413
-0.429651
-1.023169
0.782712
-1.332216
0.404916
-0.318359
0.591412
-0.498785
0.056467
-1.476273
0.363249
-0.923650
-0.533382
-0.081828
-1.205775
-1.305949
-0.871708
0.423750
-0.979383
-0.802837
-1.269191
-0.025971
0.513362
-1.088493
0.451809
-0.533576
-1.519536
-0.982632
-0.945296
-0.367580
0.394431
1.264247
0.925696
1.199732
0.003040
0.036981
-0.753269
1.391997
0.801296
0.401870
0.579162
-0.369715
1.549159
1.471023
-1.185382
1.489743
0.659005
1.549642
-1.395113
-1.184329
1.176169
0.258165
1.100954
-0.242150
0.902995
0.358341
-1.468882
-0.097090
-1.241552
-0.429370
0.890730
-1.499240
-0.920790
0.552828
1.444899
-0.248417
-0.805306
0.473577
0.033553
1.518566
-0.780241
0.410288
1.352032
0.233024
-1.171783
-0.132148
-1.326009
-1.095251
0.751748
0.671640
-1.375695
-0.685306
0.936573
1.172179
0.838095
0.470856
-0.381439
-0.831968
-1.310282
-0.078666
-1.508689
-0.817377
0.683997
-0.497435
-1.348255
0.544287
0.058274
0.691930
0.483470
-1.462067
1.540386
0.033139
-1.083462
0.507706
-1.315768
0.866294
0.978927
1.033005
0.793980
-1.472687
1.435986
-0.064184
-0.356191
-0.320786
1.429508
-0.933440
-0.409949
0.592830
-0.093645
-0.518325
-1.376344
-1.099232
0.846697
-0.336912
0.982408
1.153252
-0.755553
-0.784407
1.500269
0.434297
1.491094
-0.964070
-1.257245
-1.399549
0.022893
-0.367206
0.047700
1.028073
0.988083
-0.208454
-0.061992
0.511382
-0.381883
0.675915
-0.297858
1.206747
-1.363106
1.119330
1.533215
-1.251101
-0.941989
0.194814
-0.151893
1.165587
-0.551528
-1.429563
0.973173
0.286545
1.487068
0.280901
-0.973877
0.043121
-0.275186
0.335597
1.540794
0.888039
