0.000000
0.161437
0.215624
0.250098
0.608664
0.837260
-2.906360
-0.469202
1.058784
-3.503214
5.501133
2.035198
0.251306
8.887761
-4.913779
3.676840
2.951043
5.574522
5.673302
-2.938883
-2.866718
-2.253727
-2.398100
1.107615
0.133095
-0.266729
5.868981
6.972271
-27.410607
18.650366
5.874719
12.792089
-0.900616
26.857042
-9.961700
-13.483572
11.423683
-8.387445
11.301139
8.222900
7.600606
0.125921
3.786441
1.377746
-1.490181
15.454441
-23.109598
38.789762
0.181966
18.643258
11.334378
-0.159566
10.976101
-38.604024
-15.670288
6.264145
26.454259
10.456346
32.456281
-24.922474
-5.866979
20.396290
4.686834
-3.078749
-12.763984
-9.946239
-13.295614
17.950849
3.535943
55.289044
-19.078960
-10.629081
29.198617
-44.707436
-33.163038
4.268967
-23.952964
-43.552310
2.569199
9.842380
-9.388003
-6.864191
8.995905
6.257237
-12.577509
23.504785
-23.966537
-42.722495
-23.495617
21.270522
17.465229
-19.302962
-33.276233
0.779139
-25.126009
-36.880610
14.618708
-18.050282
-4.907082
34.925879
27.151471
17.438092
5.624086
-42.752856
10.491069
11.666801
15.087526
22.666030
-0.712104
27.311975
98.071527
12.689782
13.180482
56.354137
-28.587348
42.676186
24.624986
1.800009
1.938140
-46.585479
-24.503755
-79.980490
-30.184123
-7.697002
23.974999
-2.489522
-5.025876
-1.275858
78.499118
9.495406
12.518668
-82.039024
39.366868
-6.444653
-29.653412
-30.046756
-53.760514
-15.379581
52.485078
-90.063118
-30.622867
-56.388602
-1.211211
-7.605766
-5.716181
-26.542797
-10.954640
41.625457
30.481822
66.391356
-4.615346
-55.564049
-21.923273
-37.437475
28.727561
59.640669
-40.323104
56.780090
-16.305484
-74.660054
33.874754
-29.327881
-77.631019
-24.444227
95.974693
83.956460
-115.349759
-62.804237
6.420492
-27.797714
-72.554834
67.488567
131.506810
-79.639331
27.823743
84.267398
-30.638541
40.979058
0.856949
8.202086
78.736277
-37.767076
18.997671
-56.610313
36.208200
-94.021324
8.204769
107.888004
-52.754202
-30.380318
-67.795172
87.538324
-71.161583
72.550299
-8.154268
56.357606
25.251316
-19.717492
84.872363
19.507584
105.258521
88.352260
-23.697187
10.122249
-79.183797
-39.693273
-96.675803
-18.794521
35.101110
66.122510
-64.396981
-1.327536
47.341137
-56.685287
-34.286709
-43.087448
10.985411
-67.315058
8.903236
-0.975376
-60.352565
-43.089655
38.400426
-47.002990
135.260852
-49.979099
10.876568
-32.812010
104.279723
-31.600288
63.537705
66.279689
3.510796
-11.443555
16.240436
3.649094
29.458847
20.150928
-233.092534
-9.857770
0.181586
-14.465652
-14.273148
-16.276282
11.497230
145.384929
-6.461307
8.311567
-31.868483
-125.362819
59.401290
-106.567437
17.837159
-76.961098
-70.023252
-11.731472
-16.713217
38.396521
37.447797
139.726738
9.085499
120.247783
-46.867849
7.379471
101.989236
-59.594904
29.094053
-22.295335
-52.964221
29.104387
-7.671203
-18.477491
58.785084
55.048850
-127.612352
68.688850
-25.447639
33.095285
195.083130
-65.516136
-0.593379
7.861876
-92.864608
-24.885287
160.644626
20.700469
7.672961
119.153232
-1.054070
-61.357426
66.796794
-118.392868
1.751760
135.824795
-24.871201
-74.250176
66.331106
-2.401893
45.943550
-12.787336
123.020386
17.027923
118.254553
26.583672
86.869651
58.796931
67.301550
74.578344
-119.134598
-167.732826
-90.747440
1.529873
-33.756599
-16.775645
48.367213
-94.676261
3.341664
-56.037768
42.430590
-140.264722
-21.441731
-106.982900
-19.712658
-114.195869
5.292870
-103.143989
-15.727343
62.640513
-216.380206
-96.183448
20.270591
-22.569525
110.962383
94.985703
-38.232536
64.896020
0.951788
21.422786
-119.856395
-119.522481
2.030114
-11.810956
-85.548874
-16.938368
-46.430574
-120.906985
-43.147696
-9.046656
-58.018696
2.094236
-51.005018
20.858207
174.393128
255.455635
-87.584129
-7.047388
-8.944290
-157.257281
-94.225970
191.243797
-67.391078
267.007201
-88.752959
-175.179707
131.638254
7.089299
81.965840
-157.023336
-51.190783
173.994110
351.415398
40.455135
-7.259760
-118.344498
29.784345
-56.606613
-100.903935
102.871387
4.868831
-159.513584
63.113938
-26.003165
163.573248
125.074676
21.103023
71.391290
49.731109
21.779915
11.034654
30.804130
-237.473654
8.458677
-73.434216
-7.612554
12.867010
-67.603943
-72.271743
40.129507
-143.528328
298.848375
29.079934
166.588224
-214.989553
-141.947560
-251.896569
114.701195
252.931766
-183.283839
-95.248787
90.160234
-13.622695
67.244892
-106.116335
87.364949
-185.310610
-18.500651
63.009558
-93.609135
70.878904
48.061642
373.318735
18.138525
71.625792
183.150608
47.690525
-29.911691
147.908268
289.438442
-0.176645
136.222362
-66.186242
-194.985023
-29.447489
-133.557250
-15.105733
216.842389
145.214262
78.974168
-166.003040
149.635481
-43.759372
398.525749
-51.062010
166.707960
31.884194
168.760241
-331.727146
83.790704
187.925559
-145.712756
242.157091
-6.159686
98.101430
-67.391533
-267.560147
-85.482993
-408.051016
-467.295019
-170.374202
165.554905
-8.821099
93.304401
48.651689
48.147690
113.224370
-90.233553
167.044788
5.052426
-79.183538
108.382666
-111.426444
90.510463
193.177876
265.436855
91.264289
80.030668
44.517900
-120.578657
13.142607
185.760007
64.617710
-283.092361
-117.871597
200.761128
-5.795561
425.263527
-215.626896
-38.356266
-76.360322
123.467505
-22.866989
-103.276534
-64.224093
55.695148
42.009680
-155.072641
40.214330
-338.957593
66.183354
145.567180
-91.546574
-66.071039
178.339705
-14.292196
-41.561575
302.326187
225.164575
147.625662
4.461666
-174.118895
-310.461668
134.495067
-55.179469
-396.132814
-62.477072
-0.093160
211.852620
-78.710131
-18.070283
52.753551
113.254616
32.601415
8.953893
-33.102680
280.259009
212.755450
-5.383432
57.042127
-232.296628
-177.878127
101.513343
294.877861
64.367729
80.843955
207.016251
227.296288
-46.797771
-57.295432
70.033915
-5.162131
-131.933581
42.660543
-103.497139
-35.180305
107.823365
40.108777
-176.427951
306.135577
321.264803
-159.351260
-46.291773
196.187942
-72.102482
37.346122
153.355388
-172.340568
146.928908
-98.588491
213.392426
105.578587
1.764531
187.111603
11.935344
-55.082959
49.974446
49.657996
147.757197
-40.123442
193.932025
-12.506292
26.525286
65.084891
-154.408575
292.280698
-123.969039
-63.978293
-36.340054
280.231299
206.070106
284.377029
-171.743806
197.942910
312.329285
-148.757393
99.105108
385.831236
405.842796
185.330499
241.857708
-30.363305
-189.061307
-32.932526
8.407157
-2.223136
-2.492587
259.145413
-4.238557
-77.542217
92.855011
149.464104
244.590897
-17.863173
255.642530
-168.625686
-262.729645
-355.857811
205.028344
84.461829
-15.465223
-120.470899
-182.179669
4.014771
350.641978
317.876179
342.665638
-190.957514
560.883596
51.338355
93.253749
-184.958977
145.143715
-77.832580
-293.193953
153.823217
342.978062
-227.900171
48.637075
262.841994
-70.602514
-559.321723
-32.209151
78.254068
125.662267
159.678430
67.572588
87.572550
-162.858703
116.974018
-148.908328
253.569743
10.717341
-155.377467
-347.906898
-143.638316
499.492800
-92.534788
-84.936278
-374.344712
-69.086965
45.357524
-319.058373
-56.162531
-25.779869
305.953066
43.582377
7.181625
-206.795778
-130.326402
-43.343298
131.239311
93.076982
117.665433
-0.481435
-89.084144
-104.711507
-16.910868
-338.105131
-42.685793
31.060155
124.320265
-173.777993
-65.996218
-490.638946
242.091552
-452.842629
-224.944286
-146.006008
-115.066641
-20.603250
51.074174
-284.481903
416.070434
-113.282317
161.222044
162.758908
98.743618
-241.915123
-5.720414
-247.417704
39.327535
-139.774193
77.075934
-78.732717
-238.877512
83.246271
-172.463570
52.349230
185.406287
-77.087511
192.376408
-190.903115
-119.757067
-118.144886
2.953058
-118.662434
-228.732381
-87.596010
-10.496046
-550.854946
137.806475
125.130137
-157.252360
-221.084270
335.024466
-156.423568
-94.151902
-62.952752
343.168755
62.394836
67.848195
-23.276117
-51.844530
-279.907353
-274.655914
528.884822
182.655602
-43.703107
-223.691791
-119.158055
165.749596
-119.691388
431.035838
-11.749489
-356.069334
-111.708358
-59.563746
103.748760
178.043926
423.913569
-622.320169
-28.135287
47.362716
141.701192
7.347816
336.184249
122.851118
-74.903676
201.642519
115.257161
89.584716
411.537395
112.490605
195.673628
-216.433976
-120.724466
-146.197550
187.987256
-265.059327
-34.001913
-232.294904
-6.799862
144.607285
-5.416636
43.023000
95.368961
2.693051
-91.182047
-207.851222
-311.015382
394.196231
-55.171952
100.943228
-166.774716
387.327987
-133.423414
20.907344
-83.928760
-39.976394
286.524927
91.371482
-336.343577
5.486434
369.614034
-613.747692
48.232700
254.652394
-206.837491
431.574900
-319.763004
187.085944
213.323894
-202.653155
-31.936025
32.990094
-474.140349
409.208105
-52.717666
88.682333
-590.883352
118.307592
-66.279512
571.564053
664.513791
-4.385819
-319.080625
-110.585065
470.252268
-431.178437
-264.711970
158.801753
378.097774
-434.739635
-447.060710
-219.921362
-480.785675
214.804631
-182.919872
-200.600085
197.456271
515.697079
342.793345
-864.305209
-494.869038
89.074203
-116.605779
-280.003724
-57.825638
-107.316046
96.822707
-44.572495
169.606082
-590.981382
-320.660537
49.569962
-234.079134
270.438077
456.853025
324.127511
232.946617
-194.330621
-125.573836
204.005673
123.184741
-50.923933
-331.361303
418.795817
74.909952
142.290752
-71.755401
191.357129
178.571925
184.494195
198.701722
-40.003198
-128.283854
-327.603379
161.940910
-582.154026
11.506506
34.306419
477.575854
287.090667
142.165423
124.570745
176.430689
-532.349251
265.796855
7.854508
-587.778622
-196.309852
611.775150
27.127961
-133.911800
-192.746549
456.453818
775.915360
233.615250
52.372920
274.473157
0.457256
-837.651964
-58.983450
226.064590
16.344068
-44.396013
340.492049
120.801867
6.660532
140.696502
-11.970405
-108.407191
-5.126268
257.993140
194.662441
757.618772
241.883357
551.392074
-88.400928
360.631125
-146.676946
-574.574307
-29.599959
-238.974646
-22.864041
-1.242281
482.317518
297.197575
-57.316778
-48.170611
-14.466228
-139.637869
-72.165251
-65.829069
383.261038
15.632175
-133.437238
-312.153160
96.160919
-173.140635
-248.303221
206.810674
-299.981480
535.595601
261.920580
-248.575830
159.468200
-464.148910
97.709278
-118.599649
303.497416
-43.727144
66.563439
-547.027635
-35.794069
284.302147
-135.807996
62.811773
-155.406829
162.275992
389.158305
26.386571
-75.959836
-36.392170
-686.734427
-116.859085
-104.110243
293.976885
-286.083819
-228.994310
-49.467812
108.402065
78.325963
172.147842
422.251916
39.012716
-150.006002
532.930978
116.061281
-244.900029
-172.765831
-158.334580
196.379705
-209.217364
15.200432
-155.098268
85.410662
219.596377
83.215450
260.547692
2.474380
-80.720354
94.401699
120.780728
90.386817
488.369510
-67.480514
3.479351
88.712745
57.150048
-246.319789
599.083853
-526.351598
161.611795
217.918223
138.701129
-280.910930
68.202069
-198.358763
88.116567
641.729899
543.266879
-179.910026
-242.007766
103.246430
258.389004
-272.611908
-66.106960
-205.069937
36.951213
445.234414
154.794426
323.995999
995.997318
-296.064853
97.741762
-154.166943
112.476679
-164.101493
-154.186514
234.465530
-574.672905
-680.143051
-72.631014
243.469807
170.882555
-37.557775
-251.998387
-417.508551
90.406880
581.298104
-445.142046
42.231008
17.870004
-344.329487
