0.000000
-0.006635
0.324477
-0.414124
0.315201
0.999137
-2.641905
-1.749734
-1.282870
-1.223595
5.613198
0.359709
-0.581783
6.641928
-2.011585
3.728152
-1.006617
4.091314
11.497938
-2.926799
0.205319
-1.358176
-5.572035
11.720935
0.546454
-6.580364
8.900002
7.904376
-11.091704
15.192199
-3.362799
-10.517994
-4.462037
9.487678
1.538691
-11.100554
3.832468
16.541272
-1.792992
10.963968
-0.951906
2.217789
3.759249
3.742810
0.350013
14.851016
-12.002612
18.591970
1.578737
7.007629
9.755060
-3.740426
11.104821
-33.159914
-9.900475
3.988176
10.355313
10.341128
35.898494
-19.957695
-5.731680
10.784932
1.359428
6.447250
-9.506391
12.704207
-0.082113
-4.931393
-13.458546
20.875753
-14.917206
1.462248
26.452361
-12.653941
-12.814166
19.764207
-3.250777
-8.028403
8.859139
3.017856
-19.771568
2.428699
5.673012
2.845577
-3.533907
20.011839
-11.344979
13.551232
-8.505709
5.267317
28.352373
-42.194233
-5.834887
-11.248207
-44.920457
-7.620970
14.803392
-1.428299
-9.567235
23.941269
2.924108
3.218733
6.281841
-2.542218
16.564197
6.401462
6.613954
7.317714
-29.160237
16.519487
-1.913551
15.405185
38.882916
5.363464
-32.773805
54.425514
11.375616
21.468306
18.531843
-48.954354
12.012708
8.638526
-22.491001
16.951795
26.677050
8.125684
-14.876561
-0.873263
81.307487
5.498270
23.207764
-62.541319
-13.406031
6.057213
28.115283
-30.278936
-70.067254
-22.308690
-11.521641
-29.139326
-45.269525
-26.400721
-8.129876
-2.453414
-18.274323
-38.630117
-13.851945
25.325189
61.573263
44.798484
40.590638
-40.375532
-9.535985
-51.904075
1.791961
17.326586
-20.273069
34.068730
-6.557105
-0.824429
55.033693
73.007599
-80.453136
-82.150094
-0.152170
82.417615
-60.887190
6.052531
1.944087
20.105076
-67.431850
70.661334
50.155924
-61.239145
45.247199
27.467175
-69.518202
35.338623
-1.619892
26.579718
4.776517
-10.448557
9.485776
-62.968376
45.256735
-37.750490
4.042125
99.517772
-9.840500
-15.855625
-46.852360
88.246096
-53.907301
-1.842628
2.509691
37.604165
-20.202262
-10.583740
9.192460
-0.086865
66.883475
-13.551220
-15.679091
4.267636
-85.673622
-25.911618
-56.182003
24.993126
38.589399
-0.729673
6.516710
-27.923557
19.805172
-24.148846
-82.982237
-9.410180
-6.334976
-22.607823
45.984740
-34.738463
14.684819
-96.780679
-3.898763
9.554576
-9.455509
-28.282092
-6.421164
-60.830861
95.258313
44.805761
24.779862
126.090780
-0.074413
27.447508
10.903736
-8.453122
-33.578821
-8.156922
-140.780399
10.545937
2.276147
-25.778281
-7.084041
41.474728
98.824136
156.478327
-10.389526
7.932260
-36.940231
11.393219
0.438118
-3.605861
29.836496
-64.969126
40.555816
-1.727835
-47.395990
38.331255
67.081072
25.254730
18.181604
58.752050
-16.073832
126.304270
89.809480
-49.345468
28.523776
-0.606512
-37.221588
27.133948
-43.018533
74.278782
19.640605
2.699700
-138.043081
-22.763012
-25.844758
-80.534119
198.349783
-61.624829
16.344639
-2.156614
-100.827911
6.938385
41.212069
35.370773
7.696317
21.078194
-1.178379
-22.276524
63.421539
-40.492123
-3.285690
48.152414
29.964882
-105.578365
36.680580
6.604445
-12.601036
-23.774039
112.380591
18.431438
79.413792
54.787304
9.763339
-0.137638
-1.996427
31.454955
-2.717678
-134.941417
37.699003
-8.813960
67.772372
-25.116022
46.479578
-147.608701
-5.820916
-12.617531
6.674896
9.364187
-6.886785
-70.620093
11.719810
-71.399132
14.124657
-182.836513
-10.827276
77.199336
-174.525564
-71.265459
-5.897727
-18.459551
93.455072
79.812410
-46.444965
49.947888
150.187390
112.448192
-4.636463
-19.814780
-0.486393
-35.290219
-2.530489
31.843190
15.987947
-118.427368
-99.650519
-7.421461
-105.762470
20.612513
3.521204
169.291586
75.115674
19.063479
-51.748585
-4.617514
11.383535
-135.788726
-68.318490
41.249133
-78.424032
151.111723
-67.578181
-120.198765
18.214336
-2.792677
100.540981
-155.105012
-133.706059
92.695311
89.888172
19.746132
-23.267639
-59.137161
11.254976
-71.570775
-132.866707
39.665573
-62.742481
-11.202445
59.635452
-0.603357
-30.818073
12.176644
0.133625
0.226576
54.797508
63.939245
-88.765204
49.541102
-16.111014
-7.752265
15.401844
23.768642
8.768598
33.375710
-75.515221
126.840612
-123.029068
199.996544
60.504143
-17.259216
-20.925376
-153.822190
30.443105
2.133745
240.829039
-158.970209
-38.128158
87.633390
64.208784
-45.834925
-41.904968
14.677743
-159.356292
15.012747
139.418160
-14.227207
65.152782
86.641210
13.189523
-68.292954
75.918964
-3.078941
-10.964063
-47.949455
17.512348
157.768774
-141.545669
71.467283
-190.659502
-19.672431
-20.213982
-64.311254
13.509770
-6.482097
102.049328
-55.547298
-148.044175
-72.296990
-53.704887
261.802745
-183.070297
-11.455653
17.360296
25.766397
-183.015637
86.824527
2.658734
0.283113
4.054571
-60.915725
105.295972
-49.043615
-239.725050
36.567072
-256.810761
-177.247729
-73.788174
163.497741
5.190412
-52.856399
97.288263
109.266716
143.681713
-27.336741
72.648891
76.120407
-56.921333
109.857760
-179.190986
-24.195672
12.346818
212.715849
-6.472752
-23.468095
-91.975600
6.279867
6.381656
122.991565
-1.011527
9.033413
-113.542468
48.536514
-34.586876
221.888848
-104.158754
-24.970353
-120.740355
11.408679
-92.815324
112.620856
-66.997139
-15.316429
23.562682
-165.456417
20.797796
-10.096767
-56.380050
21.520405
-88.912060
34.188930
257.266232
-19.964251
-103.084894
-8.232194
188.032068
134.381884
9.222457
-148.783260
-136.185138
72.102512
3.341236
2.580930
-96.460409
-5.171446
208.122297
-24.367121
-44.849700
-25.996177
113.486560
-36.738550
-7.413428
127.918001
343.094400
15.356728
-19.680985
47.103874
44.423033
-158.223846
33.889060
-0.299097
-30.572264
7.010173
182.040864
59.282540
-78.471693
-13.979969
15.491989
-9.448729
-172.360155
30.984600
4.375789
12.008099
124.292547
-96.051898
-213.425448
49.478702
185.931781
52.759445
-41.105570
91.957166
-1.317969
154.321941
143.479091
-118.489752
2.208188
-111.384124
130.710985
91.246205
9.886975
-30.681743
-95.749096
-5.105450
66.567043
-0.503399
78.516960
-45.565277
232.815767
-7.725852
21.351361
55.178863
152.270353
-1.177336
-75.793394
-69.422772
-9.528975
239.099284
99.716457
62.345655
-187.188596
108.112355
-16.646369
-21.991970
29.797996
311.745261
291.553249
30.356851
107.444744
-17.459569
-180.473933
-65.246163
-11.021820
102.860159
21.241266
176.641621
-5.378633
118.248784
3.232846
141.403449
0.841655
76.633908
117.255198
-154.389517
116.635186
-222.257229
61.946173
34.414686
-15.074074
-151.706883
-183.791972
-58.836662
264.114596
-24.906255
88.682751
-91.158530
341.995080
-67.843575
35.379154
-210.086134
164.969917
2.629782
-137.986036
154.025199
340.655655
-268.361693
-11.073300
203.477781
-76.033522
-326.256613
-100.090323
5.106178
24.696676
230.188163
64.731812
158.613397
-206.019148
128.611325
-15.436373
87.964636
-60.758085
-105.831975
-420.540194
-68.452695
367.320151
-89.723623
-74.322763
-381.175562
-8.676965
11.592398
-213.431002
87.268739
-25.885919
108.564597
-20.504330
24.479031
-155.604394
4.072457
-101.134341
117.909581
10.674846
-82.866806
26.699175
-91.510067
43.060783
151.296267
-251.316835
-41.750793
-23.387424
20.341598
-293.077798
-75.859400
-368.670060
188.659594
-106.105875
-0.326202
-87.562381
181.087260
-12.362644
80.170624
-32.144041
440.604286
-21.203966
126.407633
176.723353
23.747005
-228.810434
-18.041004
43.580202
56.017559
-90.990724
70.849310
-2.538355
-286.452782
-98.599269
-9.897143
34.465144
17.304245
-84.337760
168.679877
-344.545086
-74.922218
-175.780661
81.433310
36.734539
-93.879359
-114.164667
-128.467789
-296.833687
25.918904
-188.607107
-31.760689
-115.786695
295.402143
-23.467638
-159.506772
-6.192806
217.584545
27.167392
-40.976131
-13.526493
58.494515
-154.221685
-2.634692
499.057697
165.264364
-56.234249
-172.224583
-107.683767
-115.604546
-232.933136
92.224112
5.548456
-45.205402
-352.348477
5.342572
29.892786
71.926978
273.294645
-327.623461
-82.576266
-25.723732
0.639016
-43.168286
-4.447874
-50.050339
140.199359
218.384333
45.647442
59.969269
400.873151
-61.615418
190.919971
-189.323960
58.524883
-196.052289
193.441660
57.876115
73.575241
-303.719070
21.245088
254.108282
8.660147
-100.066782
49.422499
46.796433
-118.575018
224.880422
-17.608895
-9.246944
-112.703795
1.514436
-171.157973
109.544978
-9.829214
112.842869
-67.415309
194.566101
150.647742
-37.283926
-285.951686
1.740961
300.012915
-478.509526
314.957675
470.937078
-474.823502
264.784657
-245.290059
284.863518
-91.349421
-256.052362
-153.841752
119.635060
-6.840245
391.663021
-15.951186
162.468424
-454.711404
7.842421
-67.456031
164.232640
249.948338
41.743840
-368.523698
-62.597376
55.893722
-30.240797
-44.066638
-131.060864
476.786057
-331.920526
-66.226323
-172.156800
-438.991356
-14.714594
-108.575154
-77.579074
48.825311
217.541773
201.879309
-430.023169
-303.912861
102.008265
10.395573
140.827008
-69.891516
-55.550554
142.821539
-78.256104
310.463964
-341.927879
-275.489977
63.213672
-0.378779
276.073527
25.440192
-6.220042
-52.021539
-53.429401
10.674482
221.738954
242.153656
-42.345981
-101.589865
235.268152
-80.171469
138.752311
13.250121
56.434885
7.267408
185.581297
213.116266
-325.621392
-15.243076
-9.373942
-15.348528
-236.051990
60.545884
-31.219231
-20.796743
145.586284
-105.751149
53.593830
86.263969
-161.286010
97.852192
9.061575
-342.294029
-81.678708
417.524515
26.962171
-88.072786
-106.483212
-26.876462
159.179466
313.376010
172.995260
-59.272963
-16.246499
-569.223134
6.732562
-258.872494
189.131983
-227.897990
149.607356
80.544031
-121.278415
94.545991
-27.080307
17.651271
26.914632
328.527778
272.111748
444.791014
256.662359
112.417220
-121.723086
312.641935
-0.295568
-361.053501
-33.083105
-271.086098
87.961705
-68.926414
177.054958
64.363152
98.025352
-87.418836
98.352573
-145.923868
7.991968
-84.051645
-30.868922
26.243303
-190.283624
-155.575299
183.465489
0.061058
-297.452380
-53.405992
181.791455
200.831438
2.355087
-2.348954
195.182091
-298.285146
100.694302
-68.305007
372.974591
-59.764145
-104.496310
-50.179369
-140.882045
-33.109662
-25.899700
114.439334
-135.342810
124.362107
-122.700557
9.279295
-78.495879
4.286540
-408.846804
-23.599628
-92.867196
-363.974781
-250.862648
-234.106625
15.455289
120.230950
147.391541
29.615232
302.706649
10.301298
-5.013501
11.854303
82.820800
-53.313264
22.995524
-105.396013
157.429063
28.816355
14.497355
-17.701961
63.442615
102.841359
33.938932
269.283920
-16.304726
-22.014081
45.037498
-8.371265
133.289136
395.524968
61.380505
302.289410
8.311716
136.489947
-17.936779
4.084090
-12.928006
61.503701
4.937860
-68.901782
75.186560
52.259459
-7.514614
-82.386234
686.374450
639.597935
-13.611919
-225.118746
73.196504
-28.231856
-344.590178
38.848013
-205.997877
266.496638
360.859819
73.632299
335.445539
461.588567
-98.267945
-433.143820
-120.633102
44.694504
-85.538664
50.639014
142.320985
-105.505114
-654.895079
-24.231581
70.006483
-121.970933
-318.473658
-338.254971
-498.721650
66.908837
573.715315
0.607126
53.119282
95.522721
-370.868629
