-0.000000
0.168073
-0.108853
0.664222
0.293463
-0.161877
-0.264455
1.280532
2.341654
-2.279619
-0.112065
1.675489
0.833090
2.245833
-2.902193
-0.051312
3.957660
1.483208
-5.824636
-0.012084
-3.072037
-0.895552
3.173935
-10.613320
-0.413359
6.313635
-3.031021
-0.932105
-16.318902
3.458167
9.237518
23.310084
3.561421
17.369364
-11.500392
-2.383017
7.591215
-24.928717
13.094132
-2.741068
8.552513
-2.091868
0.027192
-2.365064
-1.840194
0.603425
-11.106986
20.197791
-1.396771
11.635629
1.579318
3.580859
-0.128721
-5.444110
-5.769813
2.275968
16.098946
0.115219
-3.442212
-4.964779
-0.135299
9.611358
3.327406
-9.525999
-3.257593
-22.650446
-13.213501
22.882241
16.994489
34.413291
-4.161754
-12.091329
2.746257
-32.053495
-20.348872
-15.495240
-20.702186
-35.523908
-6.289940
6.824523
10.383565
-9.292890
3.322893
3.411660
-9.043602
3.492946
-12.621558
-56.273727
-14.989908
16.003205
-10.887143
22.891271
-27.441346
12.027346
19.794448
-29.259640
-0.184683
-16.621982
4.660153
10.984610
24.227363
14.219358
-0.657755
-40.210639
-6.073128
5.265339
8.473572
15.348316
28.448133
10.792488
99.985078
-2.715404
-25.702435
50.990673
4.186457
-11.749328
13.249370
-19.668297
-16.593702
2.368875
-36.516463
-88.619016
-7.693123
-24.648797
-2.702051
-10.615206
9.850685
-0.402595
-2.808369
3.997136
-10.689097
-19.497705
52.772898
-12.501866
-57.768695
0.232180
16.306741
6.929109
64.006718
-60.923792
14.646658
-29.987881
6.918666
-5.152352
12.558142
12.087320
2.897305
16.300268
-31.091442
21.592872
-45.205984
-15.188517
-12.387288
14.466601
26.935600
42.314083
-20.050035
22.711360
-9.748380
-73.835625
-21.158939
-102.335481
2.822117
57.705868
96.126863
1.538845
-54.462569
-68.856769
4.476406
-47.902790
-5.122983
-3.172767
81.350886
-18.400186
-17.423456
56.800223
38.879661
5.640436
2.476841
-18.377632
73.959759
-27.318519
9.511895
6.358063
-9.048535
-56.270834
4.162644
8.370232
-42.913702
-14.524693
-20.942812
-0.707772
-17.254282
74.392926
-10.663959
18.753441
45.453578
-9.133753
75.679903
19.594448
38.375046
101.903480
-8.018096
5.854613
6.489826
-13.781655
-40.493800
-43.787646
-3.488289
66.852183
-70.913691
26.596021
27.535965
-32.536441
48.695528
-33.677268
17.320386
-44.707235
-37.081504
33.763087
-75.037384
53.691024
42.299188
-56.557566
144.716361
-21.697007
17.297733
28.018851
9.021410
-76.406049
38.757843
-59.811091
3.585210
-38.891063
5.336701
12.102215
63.037668
28.307850
-92.312135
-20.403707
-2.094561
11.312630
-7.189107
-57.751010
-87.326906
-11.093398
3.928219
0.379307
5.071748
-136.756038
58.963173
-102.961576
-11.999338
-11.991972
-110.579068
-10.003637
30.682773
0.065265
-29.633275
114.472009
-9.096105
61.495732
-30.794016
-118.924799
12.179756
-10.249436
0.570277
-21.688824
-15.742633
1.970438
35.347330
-92.756273
39.144479
52.349149
10.430728
91.451862
0.397120
113.629404
-3.266653
-3.891307
-16.938018
10.018490
7.963303
-31.823672
119.432557
-14.670304
-0.023357
98.075038
0.124309
-39.080902
3.375255
-77.900745
5.037450
87.672381
-54.836083
31.328189
29.650526
-9.006338
58.544585
10.986702
10.639796
-1.403515
38.840761
-28.203632
77.106313
58.934569
69.297977
43.123389
-116.416920
-32.791409
-128.446442
10.343833
-101.528972
8.340377
1.887635
52.932441
9.162580
-43.420238
35.755694
-149.628909
-14.554946
-36.362807
-31.432468
-42.796737
-8.831787
79.692524
-4.900067
-14.558823
-41.854641
-24.917989
26.168318
-4.109974
17.507311
15.173293
8.212429
14.948133
-149.235603
-91.025405
-115.219932
-99.707701
2.516507
23.479263
-83.018385
-48.781558
-62.418522
-2.479618
56.502823
-1.625195
47.743774
-18.518277
-54.526222
-148.433379
99.277454
236.392156
-35.835544
-2.429874
-20.327825
-21.468555
-25.907481
149.994664
11.032954
115.895478
-21.174777
-54.980942
113.423918
9.881976
-18.575141
-1.918324
82.515276
81.298798
261.527227
20.709003
16.007879
-59.207337
18.529369
14.964162
31.962772
63.205814
67.611312
-148.311139
3.478486
-25.399808
194.391322
112.898032
20.969398
71.164714
-5.066399
-42.159330
99.799858
-18.736972
-221.362640
16.210942
-88.836060
-31.381196
4.098412
-100.979652
3.243478
-86.711105
-20.499260
98.851831
-31.424209
183.847439
-194.064177
11.874630
-282.339674
112.567450
12.102727
-24.313630
-57.120629
2.526844
-77.831479
113.079817
-64.211366
72.687206
-25.954318
-33.513398
-76.408602
-79.381929
5.726122
-38.579569
360.129212
86.431479
-4.293172
186.229548
58.654589
18.037765
130.395921
131.669668
141.369024
64.755079
124.473260
-175.312592
-9.233506
-69.245997
-28.615504
223.324486
43.164933
134.521466
-17.958865
221.932471
9.945515
136.723004
132.008287
178.163612
14.523898
142.993844
-148.711510
-3.033823
185.266824
-145.995870
238.102520
54.756039
-7.194542
-18.347918
-27.835097
-122.050065
-151.240256
-290.047290
-96.586029
2.057164
-14.011511
146.160800
-48.636573
-61.119026
-30.457343
-62.896812
94.395897
-71.067981
-22.262205
-1.475095
67.764542
114.706135
180.831058
52.721006
97.737041
103.498763
136.493501
-126.858524
6.760952
62.768442
65.629237
-292.125774
-4.329129
152.224614
28.791315
203.374679
-111.468143
-13.385913
44.380033
112.058826
69.948336
-215.897390
2.773045
71.011577
18.446998
10.383775
19.416534
-328.860827
122.563404
124.046774
-2.634514
-100.259969
-78.926527
5.672055
61.523319
310.558381
37.132507
13.243777
-4.760791
-25.335635
-174.276530
62.392555
-58.520705
-398.713744
33.983337
5.078285
3.730323
-54.343011
26.779417
78.749728
-0.231945
69.339965
16.367321
-161.020682
-62.835391
197.398722
14.297553
9.938253
-276.719660
-19.654281
67.624283
295.176959
94.939993
73.833782
24.975387
168.013748
31.673922
-43.315463
54.541926
4.286598
40.426574
11.675943
-107.872928
-47.188404
-16.469182
136.160675
36.997496
256.656875
135.333021
-212.110704
-5.186202
104.230776
-70.784514
-116.975819
9.876297
-53.850816
144.720720
12.795634
82.681441
14.332382
-8.122445
217.793347
107.684440
-49.977509
-16.592597
50.161395
69.240237
5.441836
-38.883742
-4.780440
5.173926
9.906028
-306.678928
293.458034
-48.175645
5.444480
-26.811078
41.132015
106.353649
222.031374
15.444790
89.830556
328.975653
-126.765423
69.307112
74.085975
114.289547
154.973648
134.412965
-12.903736
-8.587374
32.313636
19.428977
-105.083295
-23.733853
82.503793
1.140076
-195.791002
89.622165
8.060654
243.749241
-94.497081
138.387332
-14.236169
-379.364831
-133.600582
143.082171
50.047143
-0.391149
31.235984
1.612303
62.851433
86.527381
342.782434
253.982887
-99.798984
218.888516
119.181929
57.874595
25.127157
-19.826202
-80.462362
-155.207917
-0.201982
2.322407
40.461522
59.710375
59.364213
5.431008
-233.065109
67.881172
73.147890
100.965591
-70.509733
2.840776
-71.040846
43.160445
-11.637307
-133.471955
165.605107
71.475426
-49.545491
72.633296
-75.185621
132.172648
-2.811165
-10.613515
6.830850
-60.410000
33.765126
-105.627371
-143.431270
0.106050
197.388469
64.086707
-17.297407
-51.191385
-134.398859
57.791043
13.329730
82.402135
200.532239
-27.180610
2.425923
-147.772289
-168.207135
-86.788296
-0.935000
54.447579
103.978667
119.299805
9.863182
-121.968886
53.431958
-346.736754
-224.618084
-58.443627
-296.153901
-8.240605
-29.096451
-252.337862
-24.533853
-92.078350
34.814411
-13.964444
74.996613
-13.104689
12.320590
-290.997906
-16.690024
-48.783469
6.226624
-76.194362
47.575270
181.845539
-162.566427
17.884086
168.102041
7.250249
23.696531
153.641971
-44.834849
57.635775
-78.480252
-155.396973
-134.853022
26.568657
117.971743
-254.021259
111.887571
313.737243
-125.491671
-105.297575
39.622324
-132.955930
65.354870
-56.759946
125.584210
35.227444
108.824325
-9.749624
-110.339045
-125.685668
-272.021222
29.827125
17.391238
12.531142
-51.467208
-11.474288
281.354142
113.241748
338.811726
-17.297946
-310.863932
240.640120
-64.906318
73.855974
106.116948
150.618924
-294.696708
54.440979
73.086448
141.062176
50.516102
340.632123
172.901457
-215.103035
-16.741814
69.609719
29.615447
10.664244
174.106023
4.753657
-27.110016
-179.249349
49.854739
-5.454405
-322.935442
-107.577154
71.424166
-28.044951
-109.500997
-14.076783
143.089782
45.946462
-44.103382
27.392971
-432.731644
-293.406487
403.443175
57.531844
99.428792
4.383257
277.783009
-123.594200
-91.935525
-16.513451
-234.542494
135.877185
128.655408
-50.391891
3.745473
69.601120
-135.238166
-266.724975
-216.284684
267.986011
166.790243
-74.472945
-97.777573
304.673315
53.399207
121.905727
-86.644966
-467.300104
17.545084
-36.766480
-73.786091
-136.171948
110.465171
1.176519
407.331413
414.565453
-46.129659
49.443074
-47.987690
414.358546
-400.937640
-220.645333
289.862617
-98.688283
-102.819109
-380.834387
-47.764562
-41.794319
229.519225
-74.344719
-123.021011
148.630960
298.155306
140.914036
-434.282040
-190.956177
-12.934063
-127.001352
-420.830732
12.065877
-51.765492
-45.998831
33.683609
-140.857882
-249.053503
-45.170560
-13.643709
-233.700355
-5.635451
431.412833
330.347552
284.968155
-140.901220
-136.248318
-17.733281
-118.968915
-8.577952
-229.771438
183.527665
155.081421
3.538441
-85.005522
134.922244
171.304516
-1.087103
-14.414544
285.618195
-113.040778
-318.229437
177.289438
-346.102036
-49.039378
65.525650
498.372597
141.504383
247.916572
70.976914
90.166720
-371.063241
167.944663
-1.207067
-245.484594
-114.631144
194.250635
0.165790
-45.839014
-86.263337
483.330280
616.735894
-79.760760
-120.622340
333.746120
16.703754
-268.428830
-65.716013
484.937083
-172.787915
183.501977
190.884692
40.257837
127.938947
46.150511
15.109902
-126.058463
-32.040899
-70.534638
-77.449307
312.827759
-14.779002
438.974854
33.322158
47.989190
-146.381378
-213.520806
3.483146
32.111452
-110.825746
67.684133
305.262560
232.834423
-155.342130
39.248224
-112.818802
6.285999
-80.157219
18.222576
414.129959
-10.611129
56.846387
-156.577860
-87.304570
-173.201693
49.149159
260.216666
-481.772934
334.764164
259.565492
-246.226876
-35.713891
-165.863763
-2.985024
-50.294641
-69.477175
16.037001
171.059749
-496.848266
105.087976
317.411809
-109.908296
-51.627561
-20.064020
37.913885
511.858862
17.107275
2.536042
-40.678710
-277.887622
-93.259457
-11.243047
657.951666
-35.221171
5.112315
-64.923101
-11.828886
-69.065579
142.532610
119.545267
28.711418
-144.992500
521.076674
33.240481
-191.586765
-195.761355
-52.938567
38.950642
-238.033719
0.703077
-137.396306
21.968046
116.755018
49.276519
-8.736228
18.779106
-58.706273
49.364201
129.151993
-42.902319
92.844542
-128.861019
-298.810059
80.401029
-79.339899
-228.383011
594.999763
-513.423592
100.108094
212.980364
207.602911
-356.097491
15.942611
-190.844149
170.502800
-44.644550
-96.331056
-166.298107
-16.889019
30.049926
286.620860
71.978271
-104.954973
0.927940
-229.545425
84.374596
81.162127
-11.449540
534.408751
-197.796907
530.885582
-33.533841
67.782175
-78.562830
-204.825527
92.144546
-469.167791
-25.247972
-48.399434
173.463324
292.853488
280.915883
86.256585
81.213099
23.498042
7.582789
-445.749172
-10.888274
-77.652717
26.539143
