_C_69bbf27b_0 8c 0 90 0 0 2e736466 0 5f73796e 0 5f4b4f41 0 6d706c65 0 5369 
_C_fc39b273_0 8c 0 d0 0 0 2e736466 0 5f73796e 0 74696f6e 0 6c696361 0 6c746970 0 665f4d75 0 5367 
_C_5c02df4a_0 8c 0 a8 0 0 414c4553 0 20494755 0 20534f4e 0 3e204e4f 0 52524f52 0 45 
_C_ef0f67b3_0 84 0 18 0 0 0 
_C_292c80fb_0 84 0 20 0 0 4 
_C_234b7635_0 84 0 20 0 0 5 
_C_3de36d67_0 84 0 20 0 0 6 
_C_37849ba9_0 84 0 20 0 0 7 
_C_ad4ad0d_0 84 0 20 0 0 1 
_C_1e1b4091_0 84 0 20 0 0 3 
_C_7a13368b_0 84 0 20 0 0 c 
_C_7074c045_0 84 0 20 0 0 d 
_C_6edcdb17_0 84 0 20 0 0 e 
_C_64bb2dd9_0 84 0 20 0 0 f 
_C_538cedb3_0 84 0 20 0 0 8 
_C_59eb1b7d_0 84 0 20 0 0 9 
_C_4743002f_0 84 0 20 0 0 a 
_C_4d24f6e1_0 84 0 20 0 0 b 
_C_8f53ec1b_0 84 0 20 0 0 14 
_C_a6cc3723_0 84 0 20 0 0 10 
_C_acabc1ed_0 84 0 20 0 0 11 
_C_b203dabf_0 84 0 20 0 0 12 
_C_b8642c71_0 84 0 20 0 0 13 
_C_b0d369a3_0 84 0 6 0 0 3c 
