-0.000000
-0.230396
0.079120
0.946061
-0.365306
-0.551658
0.323740
-2.860810
-1.709876
2.019801
-0.757367
-0.073709
-1.380838
-3.702863
-2.934984
-0.958266
0.174447
-0.174741
-3.544436
-7.359630
0.614454
-4.345410
8.824478
-0.054722
3.951054
5.270611
-2.304483
9.819743
3.041649
-12.851582
1.706655
-0.088521
1.143732
-8.130294
-3.989401
10.391502
2.903555
9.382932
-12.606788
-6.453268
-1.895590
-2.791582
0.757693
0.640924
-3.566510
18.623194
-8.097731
-3.486517
3.838747
-18.019414
-5.003705
-1.894701
0.232155
2.926150
0.368545
-11.088612
0.197039
-0.733743
-1.403847
-27.552632
5.911081
-11.143769
1.302712
-5.411515
19.484576
3.918300
-4.771283
0.338814
-1.341530
-2.790432
1.156345
13.931791
0.675523
-14.953214
10.140511
21.507567
3.415822
-0.601692
-8.578500
11.946453
30.116189
-5.732839
21.037917
-21.526984
-10.398239
6.524204
1.906296
-6.956615
7.772300
6.664145
4.911420
23.103008
22.878238
0.935642
9.192882
20.498427
-21.310113
29.184963
-28.013675
31.270361
-21.773815
0.010518
35.894693
-10.407754
5.390087
-10.160966
-11.983175
-12.263684
-29.276155
-24.625274
-15.030553
-13.131119
-7.612495
-5.703963
33.842621
35.146295
25.305381
26.849729
-2.423382
-16.716424
-58.339277
0.431705
-26.128431
49.123342
-25.660861
-2.111523
-27.509330
6.197650
-15.677703
16.120319
49.548391
0.704466
24.169416
15.475402
-6.488509
-20.608772
4.917995
2.807823
-40.424449
40.791738
32.823394
-72.651303
-3.009901
5.035750
-1.344406
-21.581709
18.566925
-63.515995
-33.105001
75.112979
-15.501698
25.466177
17.034593
-0.438793
3.368989
-15.317502
-51.435160
94.424030
10.956825
39.711025
41.423666
48.453339
66.030598
42.707843
-22.113229
-12.249813
-53.785739
29.090846
64.026409
5.982443
-46.566265
6.402310
-3.102582
35.401820
13.819238
-3.370392
-13.486405
-49.099794
-5.767916
1.717335
-0.602558
-2.095925
4.011027
18.067935
1.445375
12.708272
-13.220887
40.680662
10.287974
60.950068
13.257591
0.605132
-0.915268
-90.280453
93.396552
-22.328192
6.533582
78.505133
41.680778
-9.643541
50.772417
-3.666455
-94.605277
36.546002
-114.431097
73.977174
0.072508
47.301306
1.992197
22.632260
14.139347
-58.535359
52.305509
3.760878
62.678613
-5.803462
88.903320
-24.770006
-11.229095
-0.622270
8.455422
-8.900205
78.867433
-60.222476
22.517902
23.307727
-37.328478
-12.921559
129.311222
-37.547406
-3.804246
-18.640412
16.608796
-8.686151
-61.690991
-11.662830
-5.278857
-7.847468
-13.274601
-136.186356
-23.117536
75.504730
50.254168
16.077886
4.320197
21.174170
-4.845108
10.318428
17.604394
-50.737685
2.655046
2.607322
-76.568578
-14.407003
-137.061447
-84.226807
-5.926796
51.667736
1.504215
-54.419279
-149.857854
177.378782
174.067458
96.285390
-136.876899
7.671732
-22.432797
50.938349
150.271488
-5.732779
-125.226026
-16.330443
-19.134548
-34.090169
-1.399172
30.709390
99.217629
95.098692
10.176882
9.866879
10.136201
31.215544
-115.612820
20.481097
-0.234890
-26.112161
-7.299303
188.983270
-62.685105
25.998814
12.233036
17.191920
-94.475658
-148.659095
79.670710
79.370300
-82.513877
36.240222
-27.269089
125.507486
39.899651
35.377022
-54.977359
96.009892
-5.112850
-95.351792
31.918463
-42.216464
-55.081270
210.552468
6.851038
19.490675
15.034083
-38.870268
90.584484
-15.843166
83.868694
42.869213
-47.477510
-37.095768
-40.529313
25.342749
1.553183
-9.634330
-47.716636
220.439507
-3.465109
-84.263038
-9.068103
-171.570423
-82.315785
-5.194303
85.181878
66.050934
-137.070884
63.120905
-7.723367
83.753196
-67.626894
83.426738
-27.162551
-4.691504
-114.310309
-132.176408
-81.155735
69.247305
-19.545216
-80.549225
-95.083784
101.571482
4.022230
-106.158788
42.539052
47.047353
-78.469805
42.855733
18.875076
1.402111
47.560486
21.634950
150.138574
191.543384
-80.448476
-55.438971
106.487679
34.379202
52.440139
9.655042
-4.488405
-3.863709
47.089927
67.187743
67.979084
-35.757710
5.060474
27.670181
-4.147600
-135.054212
20.640439
49.597905
-34.200255
22.268511
42.741051
81.242709
0.850158
-4.480160
-76.357680
-36.149427
-226.336750
-101.476116
-9.623797
102.633897
20.140487
109.714049
-200.263280
-23.097313
12.273858
-26.291095
-127.959195
0.574164
-28.291988
-51.832289
41.221228
-191.372861
-53.354018
6.572188
-15.494580
-33.291142
8.666109
-14.641162
-3.612398
-74.333786
-98.747575
40.235315
272.589552
-121.932084
-58.333212
-28.780606
6.312231
-51.554418
-108.237940
0.464255
213.968652
30.715459
-17.201538
-44.544155
123.654952
-78.119896
144.313862
6.825369
71.070222
38.114124
148.633699
-14.201399
60.680707
-60.070795
111.445921
113.283914
184.341737
-209.258979
37.422764
1.273009
19.261253
42.359002
24.885152
-131.411775
13.907014
-162.513025
20.189550
103.630229
49.248172
68.791027
-114.740559
111.792204
113.216732
-121.211619
0.223169
-79.378031
194.830821
-176.436343
-127.899751
-93.950090
-10.976551
33.182055
-189.668859
-37.618673
148.412069
-188.803586
-4.455205
28.378430
-59.316639
62.452543
21.518678
-14.430155
-1.988732
47.104314
-46.672337
-10.951190
64.159289
34.406217
-71.098338
80.182243
68.950592
1.436234
55.316647
29.206531
18.134943
-136.599050
4.271780
132.896699
-1.017059
-2.319542
274.286771
-9.482127
67.510191
173.737737
-70.310135
84.082783
83.491845
26.926112
8.462695
-0.313779
-112.092167
20.903357
-205.176508
6.451049
-228.817673
101.683471
50.415807
-362.073448
11.800123
28.902793
87.124268
418.993741
123.870370
17.068711
164.590800
178.637737
-75.488212
331.678217
-31.006791
263.737184
39.221914
-127.116260
128.221869
279.623225
174.477642
102.570849
94.503868
-14.619190
-72.854532
-5.660447
0.530165
30.550722
-179.749339
11.691654
-41.553336
291.139109
105.942985
-11.040929
-8.674313
-3.859543
19.428685
57.124493
-327.652895
-132.578251
135.561723
-43.166944
-69.257411
369.109735
3.511204
28.087148
10.610156
49.587503
37.642719
17.768491
76.254540
55.606400
-18.653119
231.111676
354.149247
-18.879629
-211.899162
406.886464
13.040840
-24.227026
-51.311038
-140.123106
-480.043912
23.838760
-63.462870
126.352804
-114.386722
-120.706191
201.911652
263.285739
-54.457432
74.860921
135.070167
9.815911
-35.387361
-21.392437
163.218873
165.313545
9.194117
426.641611
-181.508214
-14.730599
-233.828839
25.423665
-171.295869
102.087874
221.459479
6.512911
34.658776
-446.772142
-48.032510
85.334457
-154.769413
150.010377
-104.084836
-121.224235
113.135536
222.002813
-128.705183
97.513223
-30.054939
-77.092420
-35.892654
-178.463683
57.560881
-79.265988
-42.242322
19.024572
-131.504792
8.208218
-122.527632
113.796321
66.480154
-175.578933
-107.219098
-126.303224
191.252207
-31.300010
-384.751283
286.181873
-421.226958
44.579669
96.874508
80.474194
68.118660
-10.178752
-151.919050
-47.371142
124.393690
-38.131222
-90.674076
-121.357320
76.763820
74.875536
-129.155369
8.146407
-176.915584
-289.647722
224.561437
-21.498029
56.699080
114.646392
11.945802
-130.995393
0.794353
-100.891678
-63.309177
-49.420597
60.023200
97.824592
-322.306609
101.151910
-134.745718
-35.760940
203.870901
-334.062003
104.818073
-45.258608
-7.087787
211.420168
101.652385
116.718766
140.691763
-129.751643
192.319545
-190.954410
-23.026052
-146.610355
-446.540584
273.214087
269.978206
100.214298
-33.941055
366.122329
338.920288
308.180178
-357.943408
-56.205409
1.360874
-49.480473
-19.665589
-1.804616
58.721598
-221.074314
-0.367613
-12.848107
-5.640764
-242.911571
68.420798
48.007465
202.313630
-44.643506
-60.804049
69.973672
69.589883
77.235274
-194.247112
38.235140
-106.330570
-0.223234
-31.201889
-180.208859
128.892165
-6.119543
-0.147786
-8.235119
-33.039959
-3.473690
11.610491
133.715504
-7.165760
25.360520
0.019601
110.747821
254.865916
-50.235981
-50.753674
-82.435898
-100.139392
11.987994
178.043432
-0.872725
-61.036595
-96.631815
-74.838112
152.314208
-24.990935
47.978006
-171.777974
-39.930185
88.178341
-3.224869
66.221189
-256.412537
132.484947
250.143701
-44.432316
-158.496020
-75.774308
-84.066478
31.428260
-163.647699
-222.905147
-5.429092
518.718455
33.801076
-30.794519
-224.476712
226.816571
192.293741
236.078729
-152.776636
-207.742250
-0.050604
355.980965
-112.711431
345.353590
19.376950
-76.151484
39.526023
92.842839
-4.955174
42.115123
5.954034
-16.390788
65.353057
6.091511
-78.982349
-261.656528
56.158002
-184.189912
-95.289323
192.789912
83.826083
-23.393664
667.868008
-460.318167
-14.700322
-262.756149
-214.691636
273.716414
97.934652
-165.940354
-41.045256
142.800515
415.912487
-142.792652
-322.606289
147.498857
143.846780
2.620182
139.915270
-52.191121
207.191514
176.044156
91.034431
-92.557124
384.277068
-8.113292
78.567177
-102.246974
-44.629423
-2.234118
67.753417
312.003438
-99.014575
149.741354
-234.299177
31.604765
-39.240283
-129.576555
413.306894
14.527362
71.998407
107.836054
-44.184895
-142.478483
7.924036
-19.270346
-10.589814
-101.491686
28.038490
171.067977
94.723186
-135.536394
-3.243817
-189.575107
-73.843678
193.459000
-66.905858
54.949420
52.474647
-6.318435
-165.320885
229.456621
-43.943410
-312.277713
1.039721
141.439508
178.123976
-233.496150
140.819786
-177.835009
366.856137
102.026883
-56.828156
94.858290
34.176981
-36.978887
94.029011
-14.745136
-233.208528
-241.160880
331.230439
-222.287687
348.324445
-58.357226
4.700248
-98.921217
35.407622
426.176271
196.602941
-147.034784
27.708136
127.395846
3.614038
203.028994
-43.641095
5.228042
-33.074918
65.012055
-14.307056
60.231444
69.274048
-42.015120
-133.910019
257.395543
-34.180898
17.345227
135.115534
-376.501783
50.101135
-56.405236
301.509003
34.656885
64.439865
-0.760545
-30.115337
-205.647107
65.166819
183.663426
47.332365
63.860759
6.186036
241.418020
-108.179738
210.565742
-343.727364
-301.832576
25.198401
-245.445154
-73.189342
-198.011381
-247.171426
325.246125
194.931882
-133.730865
-300.404279
16.430432
478.998935
1.109084
-377.662210
-287.303628
-17.150500
-5.774984
132.466832
115.776205
-14.314733
-216.099468
14.747051
-344.895170
-44.564644
118.735687
70.868578
-1.107455
-263.422511
130.823859
-24.528924
-321.349085
76.419375
173.295547
-245.531893
-127.800806
-101.877776
-116.396958
-302.198049
136.595922
-12.520113
-17.145945
6.317588
-66.712578
-10.052033
101.368475
-29.521597
0.644882
-227.696279
-216.493623
-54.848075
68.497656
171.048616
-37.288445
-242.974534
-119.435794
57.524085
6.466259
-64.926900
48.403428
85.121386
-1.356602
-31.285078
247.719800
-303.159046
110.365456
-84.151238
-163.138117
27.945245
33.993459
-36.745229
60.193908
-141.137333
-188.412947
64.953157
-250.747008
-233.285125
27.538334
-169.436684
4.918542
258.027860
22.975258
-165.301021
-128.270371
236.713347
-42.259620
-12.199071
-326.211664
-23.248928
-3.505699
122.302134
-39.711251
-562.347634
-13.330845
-39.889544
-446.131872
-292.024310
52.397681
493.809580
-75.596662
501.509232
15.665358
8.644721
-39.360617
0.345044
-33.963424
137.224006
-487.610296
-328.554059
-33.863873
331.842689
197.534227
103.793488
236.919465
-137.263299
325.537777
-5.522887
-227.189915
-85.509014
-365.491758
-115.411020
