-0.000000
0.113395
0.028660
0.161756
2.484868
0.130259
-0.457620
-0.123207
0.005887
-0.908875
-0.163153
5.101380
-1.947060
1.472962
2.027421
1.786793
1.496338
0.988202
4.689064
-4.373404
-0.341852
-2.254619
0.299203
4.533163
-4.846959
-0.527389
7.998746
2.339812
8.032911
4.574048
2.052234
18.777473
0.881037
4.352027
-2.436097
-2.669273
0.974327
4.398291
-15.398748
-12.927986
-0.458752
-3.826057
13.177243
15.057045
-1.758101
0.450621
0.074276
-29.894830
-0.422246
5.489992
-4.913974
-10.951926
-0.190241
-24.707721
8.048744
10.493485
15.535701
-14.194919
2.803927
0.663586
-0.229290
-7.094280
3.461785
-2.781828
4.761788
-10.038750
-15.698178
36.689292
-8.994158
0.579994
-8.232002
8.114359
-18.579641
-17.106088
-12.297347
30.958581
-24.873310
-3.121039
-22.028632
24.892447
5.716024
34.399796
-32.011533
13.116213
12.264417
1.773227
-4.248100
13.735042
23.824019
-58.299112
-28.606466
-3.356858
-11.830205
-11.231916
-15.212431
24.557590
54.343046
3.080839
-6.742813
-34.230738
44.422632
-43.966072
11.989227
0.736988
33.146390
-5.068750
-25.212567
-2.785059
4.617333
-29.789455
23.071583
15.476590
3.008317
27.642754
2.168506
-4.217041
-0.108559
-1.239660
4.440153
-22.013333
15.574062
43.337955
3.397272
41.347466
0.688556
34.993622
-2.317261
8.571723
13.908510
46.775711
17.764288
1.789359
50.999634
-1.834968
7.830179
-6.389052
0.480594
-17.529800
-0.818337
22.360446
1.584408
-9.956583
-49.400337
9.686219
17.038341
34.102137
8.878081
3.219349
-15.972803
-15.806850
0.099968
30.257901
-6.927277
1.500319
13.696784
30.285736
-67.854159
-0.399740
-21.925707
66.609502
-24.727712
-3.756387
-32.715958
15.283413
-42.761262
6.764515
-3.031056
-1.071587
-41.900206
25.297329
-7.675196
-38.167735
-11.189906
44.003303
-46.622503
19.522660
-64.823917
46.998481
-19.582041
-3.607572
6.439091
3.196829
13.114181
-47.025032
-0.735088
-20.752848
-9.019719
-0.868604
-11.544894
-63.985691
-55.184990
-10.212207
-18.291930
-102.102419
-41.040572
40.805017
-5.319774
-8.430034
-40.003020
0.323213
-6.004676
-1.429969
64.025151
32.019380
-35.610196
94.027761
69.412983
-22.281366
107.930805
-96.891461
17.370183
46.778741
42.984454
23.152690
-2.856610
-89.249451
28.046913
56.302046
-74.648252
4.128727
-31.015419
-46.314857
37.536193
-31.694760
56.391198
29.159386
-5.827944
37.276199
-71.755512
1.078500
-40.336041
-1.197445
10.417559
-31.718012
63.367549
83.128060
105.843564
-20.755015
-21.916816
18.280013
67.299243
42.553366
6.290969
-18.384377
40.081516
90.888636
4.044514
-83.302611
19.462906
-38.961780
115.461753
11.336774
3.747868
-47.884301
77.468408
23.988358
107.533478
53.949906
12.801656
-38.207796
-25.782225
-3.640042
-52.125373
-54.430018
24.379177
28.902996
-13.002265
51.607475
-199.679569
0.594480
-28.923864
-39.829234
16.487112
7.627120
-18.040627
-14.295359
132.943477
-25.622980
8.012830
-85.652248
46.531048
0.310266
231.409167
78.099813
-66.292284
49.284387
-21.537323
-1.048931
-17.282624
-17.683801
-29.023500
-33.405519
-3.262832
82.939845
-80.638950
6.840488
-4.477981
24.500770
44.569489
-37.207692
-70.800666
-70.192196
66.757228
-44.017077
-32.828074
-40.958336
-42.016964
-2.568712
-20.955146
-1.122808
-22.741908
-2.233458
0.021688
153.610954
-10.998562
9.651681
-2.998651
-37.292420
43.459619
5.893122
-1.623453
-14.930177
-14.244290
-20.615989
61.530384
-62.351151
5.703188
-46.229622
-202.896223
-52.342250
147.623493
1.827683
-88.437895
7.171251
-19.743929
-153.323721
-22.490344
2.736964
-17.769887
-142.829431
-120.839971
61.256388
12.680747
3.959914
-2.789970
241.850046
70.793414
-273.159730
-74.208760
109.125041
-57.333033
14.870499
-89.757750
-21.333070
59.797694
68.237226
-122.786705
78.538675
-15.964327
-26.916089
-39.197437
-9.041569
63.597836
17.022421
-0.121927
-63.985561
-5.323870
42.262169
-45.835610
99.452682
-100.071481
101.810545
-0.343354
-7.575338
-32.886011
17.333164
-12.720774
2.189725
-105.883157
-49.081416
34.267029
71.410671
-150.459941
82.383582
-94.047113
9.157408
21.078521
5.969957
-289.452518
-17.078859
44.506017
168.900117
-76.561414
-85.987873
194.875022
-64.714169
112.694662
66.874072
7.044310
-32.323913
28.518906
-16.712796
-56.637087
68.771939
12.592075
32.141253
9.327273
109.233819
3.951173
257.469139
11.335994
-2.614375
-4.279631
-27.087363
94.513492
-17.512104
66.887776
-25.937487
-112.381632
54.126078
218.535217
-35.467771
-22.915988
93.344417
4.505870
89.959840
-55.248497
-209.551702
118.159077
158.915986
111.855000
-78.086895
136.283406
87.129574
-40.276283
-98.261600
-72.293652
118.593037
-17.884695
-136.000546
5.655652
11.471560
4.567862
59.892747
167.821491
-169.189363
-113.143817
-338.848428
39.578244
0.846304
-0.981253
-33.939041
-9.523435
32.938834
-2.343762
7.789902
73.639667
3.392401
-43.015514
-347.531461
-26.567232
9.547409
-68.062446
113.989382
18.750270
-25.193070
106.345918
55.424454
-92.341506
102.067061
42.834579
156.296845
7.517160
-11.581841
-52.268391
-44.949011
236.570228
30.673090
-69.701339
-3.438985
-143.636113
-11.268087
-34.698927
-72.553791
55.942660
51.749409
8.282977
24.053607
-40.158024
-147.308177
262.155621
-286.170597
4.106384
289.237288
-308.891314
42.499355
7.820268
20.558558
-138.358935
-54.481075
23.097488
119.047336
69.495944
-166.088931
-88.219773
-446.006454
-46.142166
29.044563
36.565583
-85.736711
-76.263637
-33.509995
-190.669579
17.167676
2.634746
-1.290393
216.706323
82.458498
11.146723
20.099557
43.628431
29.978406
-12.578755
109.375309
-4.127949
111.112621
233.767266
13.245232
193.065123
-11.548223
181.554124
93.324828
52.582816
16.415980
-72.692532
-82.854257
-22.563805
-171.524045
46.803192
190.737926
100.637822
93.560454
-9.901528
2.112814
50.935747
48.198569
-270.769458
129.416739
61.322285
-94.076805
-94.541333
209.609671
313.979773
-17.588620
41.700486
137.862772
142.764646
85.983273
-142.435277
-26.516290
-53.815031
-114.667123
7.695130
11.582480
-9.742112
-198.336424
-42.445012
32.229263
135.644551
2.061908
165.225302
155.296813
127.794376
-8.601422
94.186802
189.060623
94.555953
146.841962
295.127499
-56.270770
-91.329260
148.921425
69.459542
22.593272
-113.343951
-42.092750
49.006725
-29.915204
38.389666
-246.729636
178.210287
-135.373164
18.011162
270.623767
72.168659
15.412048
-154.921203
-132.671372
51.359144
55.250125
-335.270368
-3.510689
188.335995
21.079755
-28.739044
-24.257962
-52.471680
89.297908
-160.450524
123.227583
-252.497504
59.295385
134.971573
-191.703086
-93.649698
-100.900756
-14.151475
25.680767
-29.169583
-362.060946
-11.534796
-7.875601
-30.750163
-9.929959
0.108281
-130.251533
174.406240
9.560866
-48.148336
0.519818
-0.283174
-134.933651
-4.383074
-29.082054
133.449784
-97.471234
-7.689112
290.128048
-257.817632
256.769661
-256.134638
-1.152320
10.466453
-83.962162
306.809080
-161.235587
-133.411218
-34.105110
49.502657
174.538288
-66.600553
-134.155711
29.900875
125.452618
-0.523371
-88.422385
38.304844
-304.685686
54.732473
50.386409
84.284443
-8.087064
-52.628014
48.539284
-134.584681
-195.654400
-133.658541
-120.396560
-4.478028
-58.841916
-35.368824
26.330414
94.557045
-148.653425
36.378201
-75.844268
1.029218
-178.313847
6.674716
28.353625
156.755309
-60.020507
-152.186624
-59.827425
-93.030360
-202.111278
-36.405832
-97.621793
110.777823
-49.591288
-110.811324
28.523495
271.757870
-421.424786
86.571758
-136.338570
-3.507729
-435.862523
90.509159
34.952661
-8.224566
-2.293853
13.924027
-27.986306
5.334566
-1.859577
-3.200213
-67.262688
-43.359235
25.791255
-457.167246
49.143986
165.857301
129.154878
-310.807820
27.423433
-40.814608
-145.323717
18.406746
-75.719190
-335.444753
279.597198
5.482111
-168.404789
-137.822226
-97.846320
-365.251992
-3.357873
135.036720
118.818492
41.125549
-110.032659
240.127651
10.795546
248.345904
52.285747
5.044986
97.471825
-59.596990
397.844003
-103.972544
-184.258829
-3.860090
-2.314772
120.715937
-114.787122
108.774756
-32.915479
11.044767
6.029708
-299.192912
-3.883291
-25.083979
3.354880
-28.871604
-86.553951
21.657911
79.871052
-71.723217
-384.862533
283.119672
-4.230481
114.936580
80.621136
1.880398
-154.194319
-15.759869
-5.926079
67.317227
-14.183101
-200.015658
119.167777
-313.059271
-14.143879
-73.832524
77.187152
282.968674
-378.689378
31.932791
-44.627383
621.682701
-74.786654
-105.369293
162.775662
285.349364
-0.647684
62.640827
18.763576
190.707531
207.516988
-71.538908
-79.407570
402.473968
135.087025
73.755004
-135.816205
-137.156405
-106.870888
200.039361
-265.677157
-10.252503
12.759568
-365.369155
-105.014544
-260.246646
-191.834201
-338.651244
267.843957
-134.830584
-36.640213
177.076015
249.496999
-52.178321
-46.814113
-209.478953
74.391399
-78.002142
258.453239
-153.246807
146.190638
-7.293081
475.335260
-180.943881
263.344414
8.697064
155.219643
-144.084549
18.934305
168.334194
-93.273669
109.519310
99.775183
97.354305
17.122474
-134.529675
42.170006
-124.063315
48.862479
30.321273
60.525216
35.957112
429.018290
205.798067
166.872936
-448.758721
-41.544072
483.342852
95.356941
-372.275801
-4.213133
-214.244164
-136.070699
-140.374030
-328.908591
280.049188
181.277955
418.726989
12.509479
60.504326
25.101582
92.259799
452.299637
9.254650
-296.631618
-99.512676
50.073285
-1.537548
-210.579296
-66.021051
-272.215178
286.523448
-331.587782
129.940341
-474.361558
-268.802857
72.106338
61.843519
3.717349
60.208718
-365.711998
-37.375700
252.213459
124.143280
114.725723
-208.615402
310.739026
336.093443
-74.189296
157.576078
302.653625
201.473088
29.403071
-153.357844
165.382230
-81.129178
53.377414
0.982765
423.301903
35.251492
27.426169
206.825331
-124.387817
87.406735
-281.231006
-110.651703
-550.936012
-90.039354
-310.896134
26.104584
126.289594
11.616290
-713.323653
21.367815
-28.104910
102.311889
-58.420939
-222.600485
167.483120
32.020425
-12.909012
5.792547
-212.877000
-136.537165
-30.581266
-38.830680
-67.034607
125.289910
-120.365361
-34.533607
114.261783
-321.284916
55.789720
-298.345000
-283.712247
-422.503178
266.147559
238.590107
190.133752
-14.590896
230.434088
59.697154
-165.547122
-395.622686
134.866637
289.313245
16.445066
-157.023527
-305.397267
113.373208
55.747190
324.571184
102.582433
178.422515
-252.282472
188.870123
-66.182098
-194.112142
-166.386997
-184.208573
-522.729394
291.581711
-305.541695
-210.169403
-100.777457
-44.129864
142.928158
-352.257961
-294.375901
-539.120950
23.061572
636.284262
42.016801
192.518400
-87.546586
4.885813
-87.861193
-118.512441
-259.042073
-106.539417
-57.900489
-72.934198
-22.895176
-63.645019
309.895485
523.283920
-114.901872
-135.769386
36.109113
-95.444183
-11.849268
229.683943
170.459432
168.510948
268.421270
-112.624943
213.699574
246.985446
44.496459
-344.407293
7.882997
-11.183990
-99.751767
185.348245
166.954196
-26.655825
-195.183062
-340.894263
213.908921
-32.689842
37.931872
21.620052
65.730432
-296.126262
-573.349998
301.905212
1.515638
59.555157
275.678430
121.198938
-188.908774
319.601499
-148.126272
64.855031
34.140364
