0.000000
0.343791
-0.050460
-0.784305
2.850175
0.681917
-0.781360
2.737603
1.715763
-2.928676
0.594215
5.175090
-0.566223
5.175825
4.962405
2.745059
1.321891
1.162943
8.233500
2.986226
-0.956307
2.090791
-8.525275
4.587885
-8.798013
-5.798000
10.303229
-7.479932
4.991262
17.425630
0.345579
18.865994
-0.262695
12.482321
1.553304
-13.060775
-1.929228
-4.984641
-2.791960
-6.474718
1.436838
-1.034475
12.419551
14.416121
1.808409
-18.172573
8.172007
-26.408313
-4.260993
23.509405
0.089730
-9.057225
-0.422397
-27.633870
7.680199
21.582097
15.338662
-13.461176
4.207773
28.216218
-6.140371
4.049489
2.159073
2.629686
-14.722788
-13.957051
-10.926895
36.350478
-7.652628
3.370426
-9.388346
-5.817432
-19.255164
-2.152874
-22.437859
9.451014
-28.289132
-2.519348
-13.450131
12.945994
-24.400165
40.132635
-53.049449
34.643197
22.662656
-4.750977
-6.154396
20.691657
16.051719
-64.963258
-33.517886
-26.459866
-34.708443
-12.167558
-24.405313
4.059164
75.653159
-26.104124
21.270862
-65.501099
66.196447
-43.976589
-23.905466
11.144742
27.756303
5.092216
-13.229392
9.478625
33.893488
-5.164181
38.102135
28.607709
10.620812
33.346717
-31.674115
-39.363336
-25.413940
-28.089389
6.863535
-5.296909
73.913339
42.906250
29.525702
-7.775876
26.349417
37.105145
25.192069
2.374073
29.586213
30.655391
-31.784104
1.084893
26.830218
-17.310369
14.318688
14.219720
-4.437401
-20.337622
39.606112
-18.431292
-31.238986
62.694719
-46.390436
4.650469
18.382746
55.683845
-9.688844
66.735344
17.132198
-90.919829
15.601666
4.791724
-23.961870
1.939112
10.327795
45.603239
-16.418999
-94.823770
-32.882532
26.898477
-66.151377
-52.209726
-98.746555
-27.424430
-20.648033
19.014329
50.754683
-30.162432
-105.926615
19.314886
38.891069
-44.570045
-8.087323
8.601483
-60.441740
22.893052
-51.337513
96.098275
-13.814125
-5.324906
7.041650
5.292754
9.103154
-65.092966
-2.180463
-33.461120
4.201168
-41.549267
-21.832868
-124.935759
-68.442581
-10.817339
-17.376662
-11.821966
-134.437124
63.133209
-11.853356
-86.935167
-81.683799
9.966754
-56.777093
2.236486
158.630428
-4.526622
78.820900
20.050587
69.340475
-69.582672
105.938607
-119.523721
3.230835
105.314100
-9.321055
19.391812
-65.535222
-83.445989
-60.856407
81.072052
-63.419157
4.750997
-39.470841
-37.414652
-41.331240
28.527716
33.873296
5.851659
31.500534
50.197759
-201.066734
38.625906
-36.531795
17.442968
-6.191237
-23.031861
125.058540
94.790890
111.122421
-12.907547
-8.642215
154.466369
90.416779
-32.951364
-43.963199
-34.462263
35.761320
69.714466
8.889622
-93.621039
1.858512
11.775905
112.806707
8.729452
80.316446
-33.477298
214.529856
108.215165
113.460273
2.282170
11.297442
16.211483
124.075629
-181.018824
-226.192830
-150.715408
161.256075
21.231264
9.430532
0.669126
-349.951057
6.327259
96.302162
-23.498791
35.621660
41.717289
-16.641455
-45.004749
33.725847
-120.721672
-2.164052
-95.519128
36.394847
-30.905278
347.021987
57.618716
-66.057394
75.396548
-14.238020
-190.032201
45.402481
-43.682616
-41.256536
-50.597439
91.212826
231.598940
-160.309660
-72.529811
78.035896
-11.739452
71.838578
-162.715178
-110.700318
-105.569218
121.734588
-140.026970
-27.715225
54.393457
-73.935427
39.647752
34.126124
-211.675276
-29.592947
-21.724133
-15.012394
192.481222
-101.583046
25.494847
-86.867345
-80.161632
90.937129
42.988890
38.905860
-40.272926
-15.797473
-10.981659
109.247020
-282.790657
9.168297
38.033416
-193.828120
119.228173
229.939279
7.021986
-173.619772
-58.879682
117.326956
-216.444626
-14.766977
-81.016232
49.857006
-226.256169
-93.677420
65.947893
126.991057
136.136322
78.365766
172.602740
90.338631
-192.610505
20.875024
7.553559
-61.355264
121.029287
-132.296802
-68.380423
138.267499
25.381494
-141.661781
77.136564
-63.524813
-48.551039
-189.336011
-200.584953
144.046313
72.461392
-106.609606
-98.364764
-57.764009
32.607127
-41.347205
103.316391
-147.161408
34.622802
-68.322438
28.182372
-37.946486
-10.337017
-8.573174
137.243937
-126.523596
-98.679321
68.467285
49.142160
-193.200993
1.140873
-94.897271
13.637568
97.436202
42.119384
-63.115768
84.397257
54.129814
66.266220
-96.701901
-195.701922
395.138302
-41.616856
100.420805
93.165167
135.003505
-32.898077
56.810894
35.119493
-97.858314
260.144799
65.946093
25.569065
24.821853
142.524961
-4.714936
272.110301
14.948392
71.719411
94.467944
-67.322678
-178.076061
104.419979
125.220989
2.843120
-118.693863
105.680495
326.773157
-35.932026
-236.884640
62.628959
21.707408
134.503995
-178.903448
-131.431806
-26.154785
152.090616
40.784778
-116.201019
-12.350293
101.330973
-100.956990
-38.190804
-183.739572
5.309123
-202.226432
73.258433
-31.767112
10.198551
-14.693391
17.533745
142.936339
-37.777589
-127.050831
-176.335402
19.388693
-102.783925
-50.229425
-102.730069
105.217124
-78.853370
-115.560495
129.001521
73.416498
82.770432
-237.846336
-171.095119
101.332519
103.497499
-57.085896
80.807327
208.419129
12.425604
-42.066151
244.228040
-87.886301
73.688631
102.151218
93.844302
-14.001519
2.848313
-50.279658
-92.053324
283.242565
41.624280
-133.860628
-37.845202
-72.537774
-91.450330
-103.649519
-73.990025
0.626012
22.542878
-9.851966
160.652657
-44.429804
-280.204876
263.172680
-283.851056
-270.180387
298.719415
-376.401505
-131.238382
78.130403
-63.524224
-221.850780
-81.407187
14.634794
119.361115
181.588111
-186.992288
116.956735
-452.457503
182.675507
-72.638908
-13.850225
276.336737
-88.063760
-62.412788
-277.793846
-401.826065
-121.235624
-18.359104
52.115523
-96.179240
86.634934
-311.578659
74.635222
-233.758778
-51.800669
236.491569
-132.349818
-168.510604
59.289624
-89.325617
98.561255
3.070966
254.408656
98.985275
52.052652
-14.134741
107.056807
-94.545911
18.989531
-462.663155
-59.139793
201.778855
109.312135
97.419997
-29.330213
-55.011679
378.588642
180.776819
-406.331180
172.583683
130.579696
-463.186540
-98.052537
181.522522
303.369616
-67.176123
4.057766
120.094280
66.510106
30.376873
-123.782157
-257.627966
-407.964277
-95.787494
219.594292
-395.303984
-22.782953
-174.109398
8.866026
172.352368
615.688463
-21.776852
228.688172
28.944009
242.181098
112.104769
-107.724851
-74.225116
149.013385
71.981040
160.057332
-66.086681
-55.941899
170.313862
-93.759331
-142.720274
-122.538067
-468.734361
230.514938
-15.184605
272.218506
-272.153301
349.506155
-237.461037
-203.448317
264.110856
37.509883
462.184190
-106.888693
-218.005829
206.128557
-94.760252
-231.185532
117.713546
75.200459
-200.923058
99.966139
-121.771185
-22.416741
166.390328
-124.557870
301.691266
-310.058386
138.561374
177.213895
-210.727658
37.855094
-109.108974
108.376157
-88.115553
-95.649737
-186.482013
95.684303
118.427623
-222.002370
21.370051
384.859564
-416.433406
595.633198
-35.018803
-145.022844
-79.954376
-68.401834
-124.754900
147.535976
18.289089
9.056094
-59.340012
82.984964
411.485369
-334.581453
181.894124
-126.979269
-9.298727
187.382037
205.685560
82.247643
-139.737558
-190.110298
-148.751502
37.556855
305.533681
-67.394906
-33.264033
93.210052
174.873215
-60.546571
-186.246977
360.611453
-405.837596
189.478191
86.147349
-119.586459
325.974939
-157.446087
93.797891
-127.496894
-407.074568
-235.310926
-237.115325
-145.169791
70.909727
-227.688369
217.284824
117.583097
-2.043070
482.918785
-349.058355
-268.948987
-278.528145
40.615771
-337.768704
-182.164979
-368.200685
205.756783
-3.622016
-94.391234
-152.630805
-16.740244
-95.817177
52.056226
171.483026
-110.443710
41.371602
277.398634
-178.513215
18.150960
-184.346035
-205.821359
-391.219017
151.313208
-35.021012
-77.814450
-79.529126
208.171139
-66.221446
111.665136
-1.636343
28.001676
112.946171
-172.251401
31.910798
-457.019460
57.379105
198.897260
132.628568
-322.418311
-106.292071
-33.648848
-170.684236
18.387145
-186.467011
-590.310669
329.833179
56.235785
-85.968891
-37.682834
-109.834314
-543.295424
-2.485148
196.073314
215.450307
115.963661
-262.346867
265.118586
-37.182460
420.123878
92.215932
-83.133356
100.696694
-125.818180
654.256540
-236.457491
-434.402529
40.572226
156.181248
196.490245
-30.720644
77.346496
130.732220
233.949914
11.458800
-817.911367
-37.684367
5.710540
227.831592
-255.688174
-278.847692
-214.420818
232.647688
136.019033
-384.811929
-72.861293
108.480951
-230.417011
61.244186
78.031882
-193.720341
-108.602708
-0.970904
25.202103
-20.137135
-183.624870
53.814720
-319.150782
64.838470
187.824004
21.029150
467.158586
-283.400055
-160.857120
-128.453466
645.076365
-742.654662
354.948874
177.475985
548.105513
214.043952
-211.075587
-79.171076
356.647885
248.562244
-214.339423
-495.320057
545.266620
457.693314
-73.743853
-279.662985
-139.776587
-246.786158
252.230482
-472.868671
-186.296659
-78.274863
-272.812031
-489.291612
-252.133354
-270.401377
-236.404270
312.473380
-132.596466
-104.393630
-134.927423
348.511574
-201.919676
187.485064
-241.083718
113.631682
51.574413
-154.853655
-167.774169
74.192231
-115.129135
519.520155
-38.465398
255.420378
27.967409
165.809457
-42.592863
-9.104184
-2.733783
-187.996855
245.055704
103.019000
286.929412
90.966151
-327.988675
109.075864
-179.012735
-3.612168
36.639707
225.846100
-193.499510
472.961700
518.075780
165.833215
-590.198229
-219.668048
716.839002
-45.462845
-194.440791
-371.069270
-316.271047
-79.242543
-235.232320
-363.085572
317.028075
87.248944
433.472124
245.718006
301.665206
-306.128856
314.547486
103.975193
67.611877
-301.331865
-0.591460
14.665663
-427.713818
-407.182238
81.013734
-299.923314
159.127601
-335.201820
-73.088652
-430.720463
-274.030899
105.181257
-3.168536
18.024405
-0.022726
-434.986046
4.639419
386.123477
-133.252263
148.906621
-225.960629
175.623492
712.595225
-124.290431
213.981314
1.144622
166.816203
-35.036793
-152.597299
195.497567
124.517929
-11.789405
-182.680661
375.969538
-28.609267
21.240133
-34.592689
-16.208079
-123.159007
62.496358
191.180873
-576.134413
155.405800
-237.706792
224.115965
373.461020
-313.629835
-908.255535
155.098679
272.299370
85.881457
-537.419875
-223.709569
545.145330
319.324053
4.241488
11.567531
-345.343832
-252.313371
-16.266534
177.268787
-81.781658
470.185079
-75.800717
-153.269293
43.393206
-320.177461
319.212231
-429.168859
-259.183323
-101.154093
189.728185
65.294560
435.665645
113.209910
332.311864
176.094112
136.650928
-532.218607
147.386751
306.459191
10.127478
-90.310949
-295.345234
12.004733
85.268787
323.926302
330.278712
394.916139
-197.434397
120.372468
-237.230714
-156.823697
76.587537
-64.772779
-580.253478
285.115452
-240.614796
-258.572831
-185.898843
-42.773262
174.213236
-599.977761
8.783145
-649.486406
107.212811
799.422379
14.071556
158.524941
-50.801357
-55.308095
53.276141
69.900506
-323.995229
144.207591
175.384636
-100.472532
146.541508
-68.563561
51.867625
500.308662
50.399149
-7.499015
-200.604235
-53.184563
0.349803
555.895607
193.708359
172.016647
146.119136
-72.913692
776.047207
260.316291
84.386003
101.724580
299.907307
-63.581671
-593.561347
260.944906
-334.555036
-42.321183
-203.827782
-301.533645
213.563878
1.273582
-99.292134
509.230348
394.284491
-262.262389
-905.192687
104.370985
-102.277850
-177.364307
412.941729
-204.338839
-183.385887
546.791414
-62.617259
430.346789
149.551384
