0.999999
0.999996
0.999990
0.999981
0.999971
0.999958
0.999943
0.999925
0.999905
0.999883
0.999858
0.999831
0.999802
0.999770
0.999735
0.999699
0.999660
0.999619
0.999576
0.999530
0.999482
0.999430
0.999377
0.999322
0.999265
0.999205
0.999143
0.999079
0.999012
0.998940
0.998869
0.998795
0.998719
0.998641
0.998560
0.998477
0.998388
0.998301
0.998211
0.998118
0.998023
0.997926
0.997827
0.997725
0.997617
0.997511
0.997402
0.997291
0.997177
0.997062
0.996944
0.996819
0.996696
0.996571
0.996443
0.996314
0.996182
0.996047
0.995905
0.995766
0.995625
0.995481
0.995335
0.995186
0.995036
0.994883
0.994721
0.994563
0.994403
0.994241
0.994076
0.993909
0.993740
0.993562
0.993388
0.993211
0.993032
0.992851
0.992668
0.992483
0.992287
0.992097
0.991904
0.991709
0.991512
0.991313
0.991111
0.990907
0.990692
0.990483
0.990274
0.990061
0.989845
0.989618
0.989398
0.989175
0.988950
0.988723
0.988493
0.988261
0.988027
0.987781
0.987542
0.987300
0.987057
0.986811
0.986563
0.986312
0.986050
0.985794
0.985537
0.985278
0.985016
0.984751
0.984485
0.984216
0.983934
0.983660
0.983384
0.983106
0.982826
0.982543
0.982258
0.981959
0.981669
0.981378
0.981083
0.980787
0.980488
0.980187
0.979883
0.979569
0.979261
0.978951
0.978638
0.978323
0.977993
0.977674
0.977352
0.977028
0.976702
0.976373
0.976042
0.975709
0.975360
0.975022
0.974682
0.974340
0.973996
0.973649
0.973300
0.972935
0.972581
0.972225
0.971867
0.971506
0.971143
0.970778
0.970396
0.970027
0.969655
0.969280
0.968904
0.968525
0.968144
0.967761
0.967360
0.966973
0.966583
0.966190
0.965796
0.965388
0.964989
0.964587
0.964183
0.963778
0.963370
0.962959
0.962547
0.962115
0.961698
0.961279
0.960857
0.960433
0.960007
0.959579
0.959131
0.958698
0.958263
0.957826
0.957386
0.956944
0.956501
0.956037
0.955588
0.955137
0.954684
0.954229
0.953772
0.953312
0.952850
0.952367
0.951901
0.951432
0.950961
0.950488
0.950013
0.949536
0.949056
0.948562
0.948077
0.947591
0.947102
0.946592
0.946099
0.945604
0.945106
0.944606
0.944104
0.943601
0.943094
0.942565
0.942054
0.941542
0.941026
0.940509
0.939989
0.939469
0.938924
0.938398
0.937869
0.937339
0.936806
0.936271
0.935734
0.935194
0.934631
0.934088
0.933542
0.932994
0.932443
0.931891
0.931336
0.930757
0.930198
0.929637
0.929074
0.928515
0.927925
0.927355
0.926783
0.926208
0.925632
0.925054
0.924473
0.923890
0.923282
0.922695
0.922105
0.921514
0.920920
0.920324
0.919726
0.919102
0.918500
0.917896
0.917289
0.916680
0.916070
0.915457
0.914842
0.914200
0.913581
0.912959
0.912336
0.911710
0.911082
0.910452
0.909794
0.909160
0.908523
0.907885
0.907244
0.906601
0.905956
0.905309
0.904634
0.903983
0.903336
0.902681
0.902023
0.901337
0.900675
0.900011
0.899345
0.898677
0.898006
0.897334
0.896660
0.895956
0.895277
0.894596
0.893913
0.893228
0.892541
0.891852
0.891133
0.890440
0.889745
0.889048
0.888348
0.887647
0.886943
0.886209
0.885501
0.884791
0.884079
0.883365
0.882649
0.881930
0.881210
0.880459
0.879734
0.879008
0.878279
0.877549
0.876816
0.876081
0.875345
0.874585
0.873844
0.873101
0.872356
0.871609
0.870830
0.870079
0.869326
0.868571
0.867813
0.867054
0.866293
0.865499
0.864734
0.863967
0.863197
0.862426
0.861652
0.860877
0.860100
0.859290
0.858509
0.857725
0.856940
0.856152
0.855363
0.854571
0.853746
0.852951
0.852153
0.851354
0.850552
0.849749
0.848944
0.848136
0.847295
0.846483
0.845670
0.844854
0.844037
0.843221
0.842366
0.841543
0.840718
0.839891
0.839062
0.838231
0.837398
0.836563
0.835692
0.834853
0.834012
0.833169
0.832325
0.831478
0.830629
0.829779
0.828892
0.828037
0.827181
0.826324
0.825463
0.824601
0.823737
0.822836
0.821968
0.821098
0.820226
0.819352
0.818477
0.817599
0.816684
0.815803
0.814919
0.814034
0.813147
0.812258
0.811367
0.810474
0.809543
0.808657
0.807758
0.806858
0.805955
0.805015
0.804109
0.803201
0.802291
0.801379
0.800466
0.799550
0.798633
0.797677
0.796756
0.795833
0.794908
0.793981
0.793053
0.792122
0.791153
0.790218
0.789284
0.788346
0.787406
0.786465
0.785521
0.784538
0.783591
0.782642
0.781691
0.780739
0.779785
0.778828
0.777871
0.776872
0.775911
0.774947
0.773982
0.773015
0.772046
0.771075
0.770075
0.769100
0.768124
0.767146
0.766167
0.765185
0.764163
0.763177
0.762191
0.761202
0.760212
0.759219
0.758225
0.757190
0.756192
0.755193
0.754192
0.753189
0.752184
0.751178
0.750171
0.749121
0.748109
0.747096
0.746081
0.745064
0.744045
0.743025
0.741962
0.740938
0.739913
0.738885
0.737856
0.736826
0.735793
0.734759
0.733682
0.732644
0.731605
0.730563
0.729521
0.728446
0.727400
0.726352
0.725302
0.724251
0.723198
0.722143
0.721087
0.719987
0.718927
0.717866
0.716803
0.715738
0.714671
0.713603
0.712491
0.711419
0.710346
0.709271
0.708195
0.707096
0.706018
0.704936
0.703853
0.702769
0.701682
0.700551
0.699461
0.698370
0.697277
0.696182
0.695086
0.693988
0.692845
0.691744
0.690641
0.689537
0.688431
0.687323
0.686214
0.685104
0.683959
0.682846
0.681730
0.680613
0.679494
0.678329
0.677207
0.676084
0.674958
0.673832
0.672704
0.671574
0.670443
0.669264
0.668130
0.666994
0.665856
0.664717
0.663576
0.662434
0.661244
0.660100
0.658953
0.657805
0.656655
0.655503
0.654350
0.653196
0.651993
0.650836
0.649676
0.648516
0.647354
0.646190
0.645024
0.643811
0.642643
0.641473
0.640302
0.639129
0.637954
0.636745
0.635568
0.634389
0.633209
0.632027
0.630844
0.629659
0.628425
0.627238
0.626049
0.624858
0.623666
0.622473
0.621278
0.620081
0.618835
0.617636
0.616435
0.615233
0.614030
0.612826
0.611620
0.610363
0.609154
0.607943
0.606731
0.605517
0.604302
0.603086
0.601819
0.600600
0.599380
0.598157
0.596934
0.595709
0.594483
0.593255
0.591977
0.590746
0.589515
0.588281
0.587061
0.585775
0.584538
0.583299
0.582059
0.580818
0.579575
0.578331
0.577085
0.575789
0.574540
0.573291
0.572040
0.570788
0.569534
0.568279
0.566973
0.565715
0.564457
0.563196
0.561937
0.560674
0.559410
0.558144
0.556827
0.555559
0.554289
0.553019
0.551747
0.550474
0.549199
0.547872
0.546595
0.545317
0.544037
0.542756
0.541474
0.540191
0.538906
0.537569
0.536286
0.534997
0.533708
0.532417
0.531124
0.529779
0.528484
0.527188
0.525891
0.524593
0.523293
0.521992
0.520690
0.519335
0.518030
0.516724
0.515418
0.514109
0.512800
0.511489
0.510127
0.508814
0.507500
0.506184
0.504868
0.503550
0.502231
0.500911
0.499537
0.498215
0.496891
0.495566
0.494241
0.492914
0.491585
0.490203
0.488872
0.487541
0.486208
0.484874
0.483501
0.482164
0.480827
0.479488
0.478149
0.476808
0.475466
0.474124
0.472726
0.471381
0.470034
0.468687
0.467339
0.465989
0.464639
0.463287
0.461880
0.460526
0.459171
0.457815
0.456458
0.455102
0.453742
0.452328
0.450966
0.449604
0.448240
0.446876
0.445510
0.444144
0.442721
0.441353
0.439983
0.438612
0.437241
0.435868
0.434494
0.433119
0.431688
0.430312
0.428934
0.427570
0.426190
0.424754
0.423372
0.421989
0.420606
0.419221
0.417835
0.416448
0.415060
0.413616
0.412227
0.410836
0.409444
0.408052
0.406658
0.405264
0.403813
0.402416
0.401019
0.399622
0.398223
0.396823
0.395422
0.394020
0.392561
0.391157
0.389753
0.388347
0.386940
0.385533
0.384125
0.382659
0.381249
0.379838
0.378426
0.377013
0.375599
0.374185
0.372769
0.371296
0.369895
0.368477
0.367058
0.365638
0.364161
0.362739
0.361317
0.359894
0.358470
0.357045
0.355619
0.354136
0.352708
0.351280
0.349851
0.348421
0.346991
0.345559
0.344127
0.342636
0.341205
0.339770
0.338334
0.336898
0.335461
0.334023
0.332527
0.331088
0.329647
0.328206
0.326765
0.325322
0.323879
0.322435
0.320933
0.319487
0.318041
0.316594
0.315167
0.313661
0.312211
0.310761
0.309311
0.307859
0.306407
0.304955
0.303443
0.301989
0.300534
0.299078
0.297622
0.296164
0.294707
0.293248
0.291731
0.290273
0.288812
0.287351
0.285889
0.284427
0.282964
0.281441
0.279977
0.278512
0.277046
0.275579
0.274112
0.272645
0.271118
0.269649
0.268179
0.266709
0.265238
0.263766
0.262294
0.260821
0.259306
0.257832
0.256357
0.254882
0.253406
0.251871
0.250394
0.248916
0.247438
0.245959
0.244480
0.243001
0.241520
0.239980
0.238498
0.237016
0.235534
0.234050
0.232567
0.231082
0.229540
0.228055
0.226569
0.225082
0.223595
0.222108
0.220620
0.219072
0.217583
0.216093
0.214603
0.213113
0.211622
0.210130
0.208638
0.207086
0.205593
0.204099
0.202605
0.201111
0.199573
0.198077
0.196581
0.195085
0.193588
0.192091
0.190593
0.189095
0.187537
0.186038
0.184538
0.183039
0.181538
0.180038
0.178537
0.176975
0.175473
0.173971
0.172468
0.170964
0.169461
0.167959
0.166455
0.164890
0.163384
0.161879
0.160373
0.158867
0.157360
0.155853
0.154285
0.152778
0.151270
0.149761
0.148252
0.146743
0.145234
0.143724
0.142153
0.140642
0.139132
0.137638
0.136126
0.134554
0.133042
0.131529
0.130016
0.128503
0.126990
0.125476
0.123962
0.122388
0.120873
0.119358
0.117843
0.116328
0.114812
0.113296
0.111720
0.110203
0.108686
0.107172
0.105654
0.104137
0.102619
0.101041
0.099522
0.098004
0.096485
0.094966
0.093447
0.091928
0.090409
0.088828
0.087308
0.085788
0.084268
0.082747
0.081227
0.079706
0.078124
0.076608
0.075087
0.073565
0.072043
0.070521
0.068999
0.067416
0.065893
0.064371
0.062848
0.061325
0.059802
0.058279
0.056756
0.055171
0.053648
0.052124
0.050600
0.049076
0.047552
0.046030
0.044445
0.042920
0.041396
0.039871
0.038346
0.036822
0.035297
0.033772
0.032186
0.030661
0.029136
0.027610
0.026085
0.024560
0.023034
0.021448
0.019922
0.018397
0.016871
0.015345
0.013776
0.012250
0.010724
0.009199
0.007673
0.006147
0.004621
0.003095
0.001508
0.000000
