-0.000000
-0.273179
0.741380
0.588081
-0.710597
0.111642
-0.673736
0.644918
0.049836
1.753219
2.202517
-5.460855
0.992280
-0.112745
1.440621
-0.608011
1.917857
-2.939122
1.460831
0.420873
0.988553
-1.537572
1.148849
2.938449
-1.249507
0.302844
9.227181
5.541808
1.016674
-1.056953
3.381718
10.270109
-1.388463
7.865762
9.487529
0.850047
1.445670
-1.025072
4.468829
7.869990
15.864941
-7.225519
0.750732
8.945088
2.912757
-0.106028
7.737231
2.294189
-26.109155
-2.605319
-18.699995
0.424660
-16.099215
27.207813
1.098775
-4.166602
-12.669433
-22.755982
-9.640391
-16.191489
-1.245637
-2.027930
4.144746
2.094251
1.172622
24.845867
13.370342
1.794722
-5.132045
15.913027
23.181302
0.982484
19.971474
17.213064
0.238774
28.671857
18.179027
1.483552
-1.351476
-33.841338
-8.829082
-1.102827
-20.430612
-18.120035
-29.438732
1.440147
-17.797644
-31.576878
18.794421
-2.137887
-7.742490
-27.015951
-2.474831
-8.764890
7.951938
-60.887702
-9.496697
45.345582
1.906518
6.928734
-11.378154
-21.827057
-12.460713
-18.988956
8.594913
-17.195911
0.318203
29.058797
-27.884044
7.987665
20.340207
4.759667
9.298265
-1.651319
-2.985441
25.061277
10.051949
15.875880
1.065450
-24.021693
2.312808
-11.482833
-44.716048
9.499000
1.214724
7.152551
-3.718186
47.840900
31.534911
-5.773511
30.443396
-39.471254
1.898914
-38.509701
-58.387750
-1.856537
-39.887523
-4.908320
3.659693
54.748678
31.642367
-43.384464
29.148146
-9.262674
-49.307536
25.491980
3.058425
-20.463521
-5.193631
24.777976
-30.175857
-12.238974
22.700058
-15.749982
-33.454260
55.999755
-1.790917
73.279589
-0.075486
-12.921488
52.769592
57.881957
35.726215
56.751677
5.113097
12.734773
-23.421051
31.000260
6.459657
3.308187
5.583964
36.767131
18.407531
-8.722234
1.440828
39.047681
-61.960779
16.257576
1.953797
29.580663
51.414316
8.274809
31.971484
12.794062
-88.688667
26.554660
43.574121
1.347199
18.809925
0.202411
-0.377416
-6.571072
-3.028716
-33.649362
-0.555667
4.057967
3.085188
49.253165
-18.635063
29.854318
-5.599171
-32.708271
-69.432628
26.985940
60.267890
0.708587
-20.103770
-67.793983
29.797253
86.564642
22.460333
28.508614
-20.352975
-48.717243
61.289611
58.421808
-66.699652
3.006760
-112.034645
16.050780
-15.247431
43.530592
52.747348
-8.444784
-7.679319
-52.069667
4.633283
-69.891407
-100.223276
78.166665
-4.998169
-15.786045
-7.898727
42.187177
13.391802
17.195969
-29.719371
8.665010
4.601743
4.790225
86.879624
1.526001
10.785851
-95.191810
27.456188
-54.311642
34.627854
-36.049060
26.748388
66.758210
19.432044
58.144761
32.203044
-47.594329
-13.336521
-0.556551
36.287888
16.080064
-20.795702
-1.627014
-12.138802
5.744917
72.519251
-5.753832
55.317010
-22.538381
-6.529816
-0.591974
14.744197
55.558153
32.794592
-28.277001
-49.740071
-16.055056
-4.176171
-28.778797
8.384080
-17.471101
-38.591843
26.536705
-123.985267
39.946652
-90.529516
-9.811258
-40.752734
-141.165040
-24.550597
-23.538502
28.221292
68.666383
94.214458
25.265301
-64.793317
113.629004
102.797429
48.913900
-60.666673
27.692105
-23.168119
8.944263
44.626490
-2.961495
97.873381
-4.188578
-24.681559
-65.831143
-149.093268
62.917242
39.819809
-50.653905
-70.425908
0.862987
124.484696
7.798039
0.500858
53.571458
-125.336464
-24.849914
-2.951360
70.145148
33.438790
-5.104473
43.504808
43.876161
-41.447252
-5.446572
-24.039965
42.541747
186.046501
71.210491
9.368190
155.216159
-19.258762
-162.730053
-5.065490
-2.349150
-25.624217
63.929842
93.004111
-52.013232
-38.091711
-25.224116
74.851376
-48.216432
5.458114
-10.797673
-13.407147
10.686633
30.130375
-28.727646
-11.465196
37.966401
-55.904512
-38.649006
-5.571748
-202.601396
73.748114
-64.567645
-70.974554
20.829026
-182.679934
-45.953177
154.152642
125.858279
7.032779
-60.052684
-51.061786
-125.859797
5.062022
-93.186881
-58.357758
-19.445257
-17.126675
-74.219164
-17.553579
69.160583
59.197219
-68.906921
-81.924394
-31.089570
-115.151927
-50.016223
-222.553366
44.116145
95.428795
-209.662509
0.981976
118.599080
-5.854042
96.165245
-93.007058
19.329850
309.998531
-150.621009
0.060123
1.163511
-28.664580
61.379420
-12.915126
-14.346028
-31.878353
64.171030
-52.027319
-16.917634
166.153589
59.454251
-6.207326
13.019037
25.192507
-44.952889
15.885268
35.005462
-12.226593
63.189114
179.462232
-51.748834
-20.339993
112.660136
5.784027
130.313177
-39.875206
-38.980174
-155.070094
-27.388740
-68.326547
0.254023
3.677068
178.245614
-54.669301
55.343656
53.915378
117.495915
31.153753
25.584097
0.179793
0.677123
41.763738
93.073809
16.519530
-175.553833
27.541212
130.384915
-76.640143
206.543358
188.260589
57.510624
29.056475
77.494178
-124.161079
-76.792224
23.963257
-251.713978
-62.285193
71.350933
119.501356
123.122678
112.472988
22.864304
-50.501188
149.457950
-61.475646
-13.088431
63.562249
-35.434676
-24.705545
196.182713
37.130928
-31.096156
-21.008502
-20.822282
34.113499
-282.747272
-55.161806
-237.780131
96.289255
9.726163
-27.301180
-38.139020
-22.858516
-78.351798
11.223086
-18.890437
-119.735502
100.659079
-198.526211
-59.857980
130.661113
7.399803
36.541054
115.223168
121.703980
-0.738090
-0.035169
48.451541
-33.526753
-80.447257
1.211210
54.301549
134.448906
-15.556173
44.625306
113.208373
153.375979
19.719539
348.746779
-20.555364
71.104004
-65.450521
-17.617310
-5.248954
7.692737
-87.717520
131.979756
-191.321323
26.208679
20.680728
127.652926
50.940886
-334.316665
10.870768
15.478536
-52.638422
165.180046
-213.425974
324.427815
5.457527
-345.310019
-69.035716
62.620391
-68.659494
-13.936560
166.000548
-110.089961
58.021387
42.206416
-75.352771
-131.800203
96.410501
-138.942505
-76.973182
97.524543
42.541298
-66.666404
8.720608
-45.295418
-15.605669
95.390131
-130.278335
-43.587991
52.839434
-63.664379
-68.548719
104.248878
-5.659861
-30.621100
78.302316
283.799514
-14.614487
101.835178
0.297330
-68.813258
-30.793102
-242.788032
1.707970
-3.792407
63.085047
109.859917
-44.228669
85.347955
-45.419517
-198.407027
30.656360
153.509535
63.727972
-196.709298
21.170672
35.267209
139.841687
10.692650
-40.464984
162.430577
121.540476
91.823257
22.841644
67.317005
-10.384728
-37.193562
277.062733
-161.637391
-8.113703
-248.217504
462.197297
-155.459490
36.370408
-0.975439
-104.762691
-16.151911
-81.152920
156.874221
258.123348
4.648468
-33.790729
-20.554760
10.292810
126.841162
259.787670
201.036318
100.457071
-20.399777
-153.255329
120.113294
57.929409
-21.247398
-43.949367
336.687459
38.519324
-7.360757
-227.953738
4.516909
34.756245
314.865915
15.724204
-261.593229
-304.036018
-316.200012
337.871203
-11.783747
-86.883882
-357.669661
-36.062700
-185.878346
-52.973972
249.820111
-267.222907
-209.216374
1.146796
-118.634980
-133.748698
325.356587
69.931400
173.943988
227.869419
23.217985
-2.978992
13.536510
327.841609
-162.395357
-237.671931
236.641201
-144.797723
-212.786563
46.098901
1.630651
-36.539648
142.311067
318.389450
-26.691042
268.784806
94.092070
-80.915895
323.608743
-57.355600
2.569179
26.803528
-21.547969
-161.331678
-24.007481
-194.732919
-0.861046
111.859103
46.800420
118.350643
373.972842
-227.777207
25.538084
158.270906
-24.771744
-31.929235
-184.656927
-140.489654
-105.568021
99.767087
-284.483029
-269.338865
-404.717681
-203.970402
119.423607
-46.854333
24.867093
-150.249376
20.976761
186.490485
-208.163996
87.689613
-111.332148
-13.393029
107.575521
118.314551
-154.755608
-255.438541
-43.100930
47.477188
4.081512
-35.165897
6.058891
137.726618
-9.989056
241.978750
-0.219862
-22.428503
60.514353
253.789963
16.747743
-207.811268
-22.138254
121.068484
-267.256222
76.968895
36.726770
-259.422878
-103.000958
-6.382479
22.060376
-35.334133
113.034950
31.249673
-378.005755
-326.840393
-117.876658
101.851277
-26.886625
-1.640509
102.859657
47.768241
-1.760739
-278.706003
-49.245612
-30.080898
45.493489
93.173933
-250.716562
-133.493957
-13.274682
-149.941669
-291.905369
355.101239
-74.364950
34.009427
11.909118
93.805270
-58.501317
-536.224173
316.167419
12.073423
12.977340
59.128444
159.751393
-277.240362
-132.380989
-77.633161
-493.972441
48.829736
-144.065560
-90.830080
3.752339
-112.469273
55.835132
106.275957
405.083958
408.177444
-51.926842
-59.193471
-113.291591
231.775365
20.425257
148.214164
166.224387
29.696866
-46.604835
227.437024
182.452019
-84.232584
-75.817552
13.256462
-136.666453
112.750366
-154.314218
-464.357772
60.074929
80.294656
-15.731052
326.394581
189.263332
4.175900
14.075969
2.190744
-21.313922
10.461415
-285.374553
109.534805
81.045614
-105.942035
46.068492
106.440270
106.297182
-356.826805
-370.061483
143.044164
13.858452
-97.335277
231.056400
-66.409791
-9.183869
-9.437154
173.727312
264.637288
1.439330
18.598586
-187.585309
271.276973
-220.690653
-402.182042
69.926830
92.390275
-396.502773
97.821149
1.305306
45.873945
49.308118
57.365698
-43.262747
-249.079920
432.930756
-52.018467
-169.695142
-501.093031
-189.649677
-23.513874
145.786016
8.604107
188.567178
-89.192227
-152.129423
211.456564
-42.154804
-23.577501
-62.999599
-18.297727
66.151789
29.335593
-330.892996
439.236828
-150.404112
-510.339354
378.728878
-114.444192
24.548224
-18.421475
49.944258
-406.179855
-151.317212
86.767731
-330.195536
100.913756
-77.680668
31.278690
88.482862
-336.640871
-138.723307
287.131987
80.135931
-224.869074
427.374197
116.873035
-282.306495
-117.396440
301.669587
-316.249167
112.421597
120.271012
-3.106307
-111.714390
-41.887350
-147.149568
-135.820462
109.726996
-0.763342
39.532200
-214.523327
7.375489
-8.560006
-25.355478
125.250741
319.677257
-319.521296
40.088361
1.004586
365.114204
359.660056
-225.317928
-110.597578
-3.891105
-257.352113
14.148431
-220.088161
-19.630992
-24.040176
-266.969785
-284.083846
-302.067505
-260.552585
-39.163111
174.324396
-132.314461
-160.113696
249.614309
-54.456728
-134.576340
-9.597667
-96.305506
2.512053
8.603769
-112.303804
-22.743897
-206.828476
-290.780188
-396.662740
-73.057281
-190.327095
420.212646
7.145202
-58.001962
-276.630023
236.388091
93.476126
261.721605
-47.775610
-140.211651
-20.588718
168.283317
-1.495876
29.501907
-400.543599
116.032877
44.812912
327.693920
-338.316881
163.607925
-169.266428
-211.446156
-38.319818
-324.982295
21.650649
25.050998
-69.809047
291.066174
92.700410
-481.718262
77.653701
112.224233
438.087597
66.663669
-111.833205
-16.824895
-67.112707
-353.546295
448.097265
-454.494762
-124.688215
196.798269
24.923132
-223.429589
157.232295
-104.323649
-238.431727
-38.893891
374.758167
-83.723737
-5.378851
46.622975
493.613660
-3.681768
-79.353670
-218.617099
-46.459627
-101.891142
-137.276019
-174.355932
-92.065325
-8.856297
458.843594
51.879503
-717.884619
204.744204
-138.318999
611.484146
-359.079442
-692.054544
12.090536
178.181732
58.157920
211.970646
-1.776873
68.484545
154.203290
-233.984564
231.930241
5.096285
154.719010
254.638321
-26.504540
278.577132
-1.960504
123.541557
-366.610799
88.615328
49.157500
156.181948
201.908357
147.649760
331.832208
-358.608374
91.651309
-228.340593
