0.000000
0.106119
0.337913
-0.118220
-1.161810
-1.045584
-1.330741
0.239533
-3.082485
-0.832927
-0.078466
-0.090212
1.224757
-7.136740
3.765211
-3.862893
-6.164228
12.258302
1.379577
3.072462
-0.079450
-3.563207
-6.555695
-0.813723
-2.499902
0.089584
3.848008
1.607998
3.288634
-5.059303
1.467512
0.985086
0.289026
1.674099
13.252853
-0.492855
12.525109
-0.105472
3.346115
-0.613463
-0.056310
8.276238
-1.067169
-5.819846
0.491797
2.435094
-9.451440
-6.093310
14.122456
-7.659527
3.410934
-7.404270
-0.213490
-0.969223
-6.445477
-18.731932
22.128425
4.534158
31.330893
19.506395
26.625124
-15.615776
18.630439
-4.731051
-0.135157
-1.323870
8.414160
-45.456574
-4.241840
0.504587
35.253524
-16.279428
-8.739903
12.121299
29.546275
6.798075
-14.215412
-33.164498
35.789048
-37.576490
-7.368508
13.421805
25.737952
-0.087226
-26.827288
13.022238
-5.071737
-6.928886
7.241890
18.287641
-7.676817
-18.008128
4.530237
15.999237
16.842748
-15.053137
-9.657107
-12.510225
31.892298
7.902299
-20.086524
3.815166
-61.231441
-18.354958
63.629699
7.479930
-9.789233
31.540235
2.760842
23.010775
1.008516
40.114780
-64.922309
47.482077
11.874377
6.548716
8.141574
-1.022483
4.623858
-18.597880
48.974460
-17.039612
-10.425820
29.023215
24.501885
18.548470
14.374452
-17.319146
-31.409228
53.259213
-19.173062
11.749893
-71.910887
1.934589
-24.495178
-8.475843
25.431166
-21.383465
-1.183244
30.314763
3.069379
-4.928971
-17.562926
-70.184748
35.384896
38.069016
-28.843204
-3.206939
-5.468233
10.480543
27.017147
-0.214022
-0.570454
43.687918
-29.593474
-31.932832
56.414812
131.338106
13.075438
-19.680962
-20.152772
0.486542
-7.084893
-0.934244
-30.791840
101.391900
-0.143666
23.489106
46.980366
-44.455303
-12.807390
22.484729
-37.675641
8.745933
34.236455
34.031777
20.057201
-11.244678
-5.002199
31.755905
15.032010
-27.505930
1.600017
-57.058412
10.524969
-19.163606
25.997319
-21.172035
5.572495
-26.002815
-65.754913
-21.226892
-53.997731
55.067828
-31.023557
3.051249
0.581140
-73.671326
-73.660782
-23.655649
-10.519379
6.131899
6.269005
7.085687
1.259418
-8.803415
-38.689672
-8.439431
-36.851680
-56.740467
133.186847
-70.040376
-7.312613
78.856743
-1.609222
116.667120
35.299366
-37.383890
100.519136
47.738890
57.537925
-6.366135
192.099928
-91.220726
14.669587
-139.007361
5.698437
-32.152045
13.801243
2.619441
-47.648445
48.458732
10.658764
15.276803
-28.334858
-69.150738
-23.338216
-83.972240
0.234186
-13.019784
-115.153921
46.472457
97.898503
-37.329042
16.439407
14.571413
-58.010878
-0.436481
15.160355
-43.911646
-39.044492
12.410556
-50.071068
-158.879445
-47.704895
30.847542
-56.961405
125.539007
-10.100973
-39.865195
-81.959364
-73.961131
68.024488
-5.881603
64.117638
36.850687
-39.808867
52.168752
22.886857
-31.262148
-169.896667
-30.882259
-49.238150
91.080221
-122.690947
68.324129
-11.127722
-3.850422
-30.378399
83.894640
20.421511
0.095602
7.169842
-16.303003
-61.197519
-3.262351
-65.205983
-37.461772
-81.391752
-27.414854
-43.253079
-21.612913
-40.834362
10.866350
7.014304
-72.756691
-43.314144
-169.183931
-25.826457
0.422332
51.727263
23.489043
6.923478
-16.669505
-89.894749
36.877950
44.168654
32.463919
-73.050118
1.796410
-97.460189
222.088090
44.658896
-78.077763
-45.140869
-110.574827
61.186321
36.669878
-3.266900
7.446437
57.335587
-10.865039
23.276007
2.342624
64.052990
7.615915
-26.184857
-172.887450
-1.156618
-8.157443
34.604388
-5.385560
-23.185643
154.753830
-22.908679
2.472678
-66.689262
-38.032612
17.340295
67.981821
51.907541
53.990358
-32.822389
-8.773167
58.429239
-55.125588
-0.048927
-2.765198
42.615972
5.480388
-10.124880
35.221029
-17.648964
-128.745266
74.365601
-20.677258
47.653503
37.484306
57.491192
122.938550
-22.793046
6.877926
-14.348357
116.067121
29.474385
98.674745
-25.051480
-27.363886
62.989556
-68.471316
-26.227341
-134.939625
29.048492
-44.140035
-90.977991
-0.402990
-20.849809
61.402312
-162.010883
130.907254
-44.463831
-3.268687
45.865288
-11.953372
157.983429
48.928013
51.344647
155.261017
15.534117
-1.554860
-34.239249
-48.231947
34.778667
43.639029
-52.512616
-114.885200
80.271642
10.940953
185.612027
276.061546
-49.135609
115.962724
-41.236033
-39.786716
-38.836745
267.709683
9.452396
-43.070129
-22.729282
140.318623
11.295288
10.644599
16.804224
57.190571
-35.759417
-53.206780
-201.278764
-146.620820
78.594755
-1.804686
-105.038024
-73.304677
-15.427983
-0.220587
196.303338
66.084964
139.854285
-59.829214
0.948890
147.883715
102.735105
126.679096
-16.039943
-61.015982
-44.500777
15.576044
20.885790
-25.399770
0.691086
-116.351148
-9.043791
-24.599943
-82.823650
-21.054271
57.909421
127.683815
72.784269
-26.134423
26.419743
-46.163979
-44.998262
161.838792
0.192602
-19.583185
17.214854
-312.699158
-100.072859
-124.729441
-67.795533
-93.901605
-142.034306
57.153963
75.919369
-40.901806
-57.446599
-80.398443
13.599403
25.624193
36.126729
41.383518
-130.034359
131.185997
-37.241002
-116.291408
3.019228
5.879270
-10.292656
-58.446391
-79.776060
-274.393976
-12.265096
-120.237623
-203.536725
106.098755
293.405506
-109.144509
231.215551
29.512647
94.183091
-4.734929
-172.723748
129.423303
-198.525784
244.610175
106.412520
-158.521254
7.595172
-16.978010
-4.430208
42.339939
11.816711
56.570799
-87.884577
116.174338
-72.513387
59.074792
-28.755208
-0.042907
13.939628
31.941749
-24.810810
97.074949
141.015026
-99.304262
35.329697
-57.523566
111.584031
23.261271
1.222640
24.252663
244.948038
-69.921223
-105.999272
-3.928485
-49.077951
-70.552067
-226.326869
-129.495131
24.802466
129.826021
10.264197
-158.101142
-5.816799
-76.976248
-27.781793
-61.672783
-58.264497
51.046150
70.261422
-259.812736
34.922848
-20.938883
84.456636
-34.655404
-69.482031
-39.477887
96.280439
-136.699593
-9.903942
145.053401
-274.108803
21.008504
3.964051
232.982865
-46.443639
4.100812
-3.554085
-39.461142
74.774059
-38.537808
-87.587091
-104.295587
29.666953
28.990034
-107.889578
41.748181
-55.181440
28.789072
-22.993965
82.997336
-3.390285
-51.565909
-143.899797
150.859026
9.015157
-227.319081
235.071085
108.456252
-10.831167
-148.699192
6.142218
170.606166
-6.113372
-216.287033
16.566853
-104.532412
74.655744
17.610722
50.921045
81.911872
-69.391402
-7.504423
-16.127249
302.874946
139.885850
109.577170
-404.275268
-18.580200
18.171417
-134.907780
176.381520
51.224004
78.404944
141.830417
-3.802091
57.988580
66.940234
-15.333632
-150.404142
-158.641125
-23.073909
284.812934
-62.738765
2.317944
-111.190173
6.315618
359.693440
-6.753780
4.556353
114.663915
465.136660
11.811594
109.319284
-93.224622
0.586397
-121.017157
60.279514
218.010202
186.680215
122.519822
39.193217
-60.494991
355.531566
165.827020
-127.516162
-256.706499
386.809856
32.797902
80.958701
-16.247954
-38.685700
288.787934
11.401083
3.355458
34.463294
-409.272107
-56.569531
-7.409671
266.822513
287.979683
162.063905
46.226549
-144.381366
-146.746445
306.600122
-15.723533
-485.234286
-48.322167
-104.475856
-70.019720
-136.416567
146.091835
-157.932856
-87.173797
-104.956790
419.412936
23.678988
89.337610
-75.790186
-109.502809
-132.220230
88.534334
-223.724373
-2.315606
-205.330471
-48.917614
-17.215145
6.407293
-261.867967
-13.188784
-161.070725
60.478016
-91.863545
-97.328638
51.405941
450.071760
73.058764
-59.613335
-67.056318
227.943244
53.260432
79.994699
-130.869914
29.513788
-58.243294
-145.051172
547.370264
269.118872
-126.707699
-109.583900
-367.907216
271.616685
92.507238
255.126241
-44.826178
-35.335037
24.268991
-134.986970
75.001453
-62.538726
-58.154886
-10.140217
2.289420
67.765694
-20.032881
-125.517627
21.330410
-63.222932
26.959187
-72.665317
95.642996
-18.772578
212.480612
0.976225
-123.200614
-67.975808
143.645291
-253.775298
132.651322
-300.694318
-90.706767
150.312054
-180.629027
0.322687
50.003057
-124.940346
424.604453
-313.540269
-4.767862
74.317450
23.176770
-304.824216
-41.822315
-29.619478
171.909429
28.366274
-22.359158
-108.193450
97.090956
-266.259534
-131.740443
92.218121
130.435881
-256.685982
452.057507
-119.923296
-19.613758
-161.177216
269.958728
-175.730472
-124.123154
272.860401
-23.070401
43.654751
302.798806
-158.432778
-13.251126
247.545256
-223.769186
-300.678037
2.357329
83.762327
144.913970
-122.150615
-12.064921
-4.095356
-25.974564
-7.021647
-174.923360
12.366080
17.185932
-12.335585
-25.797929
-17.386558
237.673738
141.550937
-63.549888
13.234650
25.367655
-36.371670
148.646868
121.056791
-70.134775
515.073599
-213.519432
158.611218
174.349008
32.899252
71.718871
206.428688
273.866060
103.731508
9.139395
224.804137
13.247624
236.424491
-19.325931
140.659645
69.946498
-210.170070
-527.858288
134.595965
-18.722183
-481.892359
-43.909623
115.182480
506.029659
-149.513042
-244.134282
-251.668663
152.529167
-44.560250
97.640252
-19.811423
-306.542560
-119.050405
6.920766
-189.526033
-282.177760
281.895735
-456.814366
564.617736
222.471421
-11.642021
-8.912913
-49.367710
0.313247
-22.062187
109.063712
136.428738
401.401342
-120.307187
88.359317
30.374790
81.827982
-489.076803
99.763152
-268.221333
-12.532574
-10.724657
65.914393
233.573387
38.703706
96.399955
-364.553067
351.906718
40.609068
138.820837
25.894817
363.877522
95.013178
194.592563
166.131529
315.073812
-202.563132
-127.355872
74.552981
-84.597177
403.662998
22.924615
-170.813008
140.864984
-531.978488
-55.654723
-53.133338
-126.312305
-510.942324
601.963423
-19.427750
-337.805807
-122.828940
102.849767
-2.896774
-485.573463
-63.226831
-18.540861
-459.389783
-9.402477
-423.699216
47.782738
-18.672346
-91.582068
-294.411479
352.652060
250.738089
-82.829671
59.900668
-69.876694
62.535341
144.431769
493.110407
-71.284430
129.827609
-222.225224
-33.293375
-65.268251
65.012218
219.676499
-39.405289
26.015853
183.187717
218.894177
416.192236
-391.779862
58.184748
-48.924546
-447.289639
1.655511
-22.122197
-38.159754
-65.065094
-265.056335
-106.836135
172.770645
135.981140
-91.301285
-59.243596
-119.276289
107.938419
-71.025656
74.418434
57.036120
-88.583240
82.987138
-321.981049
279.347405
8.113991
-61.706554
-222.417726
3.645477
639.226029
-159.772703
57.377813
-57.213788
168.268108
-109.776975
178.785639
-373.575561
-235.619370
-287.893656
-455.730314
141.170489
73.466852
-183.089673
169.639938
-8.279416
-343.923190
-280.620429
41.313703
58.377547
184.768307
-47.839798
-392.693691
63.891012
91.018340
-111.970236
-38.329722
-270.480105
10.717365
1.163294
222.891974
-5.376786
-84.184902
-92.604554
-156.592696
159.262899
-1.405881
144.511355
284.141746
-29.177697
-288.872703
353.441731
-332.050239
1.224619
80.706889
-459.901380
-45.773993
140.162062
-118.061881
401.666741
-15.722724
-145.391829
70.732455
11.925213
-2.743609
-280.605770
-367.071468
79.668138
-135.408697
-0.612095
-297.823753
-52.370525
-748.928736
126.915070
372.742329
236.375864
-145.700430
-503.703027
592.955556
108.576651
49.733641
-127.780870
0.223829
87.929473
-387.116455
-172.023670
-86.861524
-480.163557
-58.741543
117.681382
187.710794
65.111183
-300.886298
-12.932338
