-1.000000
0.146740
0.499137
-1.021589
-1.632986
-1.143761
-1.364779
0.654788
-7.058766
1.423072
0.106329
-8.550039
-1.761454
-6.476010
6.727125
-7.963165
-8.339325
6.078922
1.354193
7.464596
-0.069298
-7.945622
-10.936818
1.106063
-3.098655
2.652938
-6.533592
-3.301886
3.476276
0.025024
-2.447542
-5.943373
6.741379
7.770610
9.486118
5.152675
12.366697
-1.051714
7.765321
3.978438
-2.237775
7.419820
-1.118775
-26.197644
1.381888
34.335274
-6.745933
-24.906293
28.141387
-10.043400
4.369632
-16.675364
27.614929
-8.369261
8.384161
-17.543127
-2.686400
-3.091584
39.150284
18.730652
24.025246
-35.770066
17.639912
4.894570
-14.554250
18.764070
0.841888
-36.010945
3.619558
7.459918
38.032066
-2.514862
-24.697465
-11.341387
27.360626
8.085615
-32.742687
-27.426556
3.579317
-15.696693
-7.545523
46.766520
49.681376
-4.548756
-22.100986
33.016482
-3.472414
-8.961453
17.258594
29.225355
-49.860142
-11.100516
-2.563906
9.545600
61.656205
-15.507354
54.780663
-24.796813
-3.703461
26.393102
16.536975
-26.134245
-92.567999
13.732375
81.487983
-43.867338
-52.323012
3.224162
-19.884073
43.001124
-26.350053
10.030283
-76.041729
31.712380
-10.594938
28.092799
-12.668001
4.385875
70.019712
-46.818303
35.487112
-17.183476
0.075110
56.331044
46.891025
37.435127
16.811337
-25.569604
-40.931176
81.081065
-32.018087
1.493615
-61.233682
-90.491547
-20.960876
53.563242
58.701951
-31.728024
-15.529122
33.153123
-31.396777
-87.529610
49.771935
-46.371503
24.700573
2.275723
-78.869774
-27.829620
26.899225
33.831210
5.665682
-75.437346
-5.418032
4.114177
-44.819212
-32.594951
149.271483
127.913405
87.790478
-23.183263
-6.984552
2.213474
-9.376608
14.742495
-55.365558
112.599727
-21.783805
-45.361807
59.118823
-77.451151
-38.249888
37.224584
-44.117941
22.288623
42.350714
66.331941
-16.347496
18.997855
-44.435515
39.759087
-54.946682
4.580421
1.541171
-107.094829
11.174487
-9.613571
-20.248016
-57.041388
30.566191
-97.264780
-172.021059
-15.153532
-69.801306
127.375828
-49.035874
73.388400
-115.491615
-96.970113
13.329344
6.146525
-12.615827
-11.639109
-11.009318
16.410789
29.625017
103.895185
-32.005271
23.271878
-60.309368
-63.978512
133.079465
-74.196388
40.441703
18.935782
-13.361603
106.390054
19.388953
-124.122117
104.959910
59.720347
19.838892
-50.014213
177.376856
-161.136446
0.385726
-129.374726
59.198448
-30.610682
30.827339
-46.230625
-49.420973
45.017688
13.672433
-100.391868
81.460907
-60.943614
-23.696123
-46.281300
35.145639
-29.463148
-118.954418
100.849212
60.003211
-45.823065
13.930901
17.543432
-133.713016
-39.056760
43.943094
-27.351790
-41.034515
-12.379936
-76.305052
-149.612902
131.082696
90.148777
-32.295729
195.152448
65.541107
-69.444365
-52.239012
46.670107
90.596657
65.438528
48.200221
127.133136
-41.891098
62.749486
-2.712157
-42.971454
-185.583658
133.348450
-103.078659
223.364593
-149.746755
148.219482
2.431147
71.365260
-28.160240
71.539261
45.958080
-159.591048
-4.799899
-193.917744
-29.262356
23.853568
-45.854152
-40.807342
-65.960671
-143.890517
-78.773708
-15.276834
-175.290648
179.150555
73.593650
-58.846005
-115.085034
-201.258155
-165.982915
64.154355
127.339132
-1.991403
136.112188
-27.657492
91.784527
28.623915
44.908489
64.427510
115.307169
89.717808
42.278013
302.890102
64.604958
-106.355947
-192.939438
-120.522649
-49.781807
164.635406
-68.256542
-9.425824
110.480241
4.610829
49.980248
-74.693277
40.260586
12.307420
64.336253
-220.459491
41.070395
-18.723743
173.806066
-2.106349
-0.731318
237.059819
-115.392915
-6.325823
-67.161939
-62.744061
51.199102
50.982731
130.446558
43.324580
104.874252
-17.979537
63.851001
27.091060
-185.690392
5.377350
36.780017
10.792279
-29.203258
-15.616164
122.359055
42.432931
35.751677
-45.841018
-35.833367
-49.306948
-107.001065
31.775699
-127.811308
283.870742
-100.446725
105.130899
41.219709
161.043756
-50.011399
27.211440
72.156895
-57.008977
82.174386
-62.261215
93.339868
-44.211337
-113.463867
-0.033708
12.345155
95.433341
-192.299042
5.029599
-42.932476
44.070511
-5.317054
25.305281
75.950979
207.701432
37.269322
382.213396
22.965556
87.778497
-34.596942
-239.201668
80.681783
-17.655278
-2.339944
-36.966650
222.073408
50.026408
150.098196
168.391526
46.467077
106.727691
-47.275291
-45.647540
48.027444
391.208733
224.321999
-29.140707
198.782583
95.811646
-187.863627
86.657013
80.957407
69.590010
-20.214790
-55.993686
-202.236179
-282.695867
-90.672591
36.653700
-122.212501
-106.982939
104.856608
-103.693031
197.211956
132.866463
138.447790
-56.518533
79.458556
-13.098908
144.188500
35.459315
-26.175459
-26.259275
-156.462627
-59.443173
-59.274811
23.263485
-138.900714
-73.902844
-21.191524
-45.064727
-87.301029
118.885822
-33.589750
123.264223
17.010788
41.260170
73.757595
-172.273490
-11.835111
-55.280029
-95.050881
-14.772248
-82.232175
-297.680037
-436.738010
-117.652215
-8.979625
-42.520189
-55.666138
42.438684
101.231096
-47.364063
-46.451184
-68.368097
-25.735391
-21.836740
93.767589
67.982140
110.468633
5.827910
-36.965070
-154.106147
1.379218
-80.207235
218.202927
-54.441440
-0.186479
-242.653798
145.430936
-114.240134
-190.737440
126.281094
291.984885
-170.917056
194.652112
-98.465203
42.453061
70.926109
-18.854178
281.878888
-349.392321
216.827208
166.612303
-139.833447
146.483593
65.905025
38.347897
32.000299
-186.211044
45.084632
165.885266
197.317147
-116.406467
-104.601197
-81.706284
-193.142712
-148.127235
412.542905
-145.870706
439.528519
67.185420
-375.071795
205.117283
187.399505
42.217458
155.370786
11.871608
-5.009111
386.982717
-40.567621
-39.226104
-109.563260
-49.030455
38.101558
-313.553804
-152.216766
149.219323
104.067379
330.537509
-109.190913
200.621071
-15.971682
-126.102235
-40.625147
-62.328837
50.895749
109.494584
-284.795470
52.861692
-82.367991
-34.135583
131.387379
-263.538977
33.069787
110.344635
57.510447
58.618285
133.470330
-471.915365
5.521981
-13.765709
296.746122
-187.620033
90.580177
-155.868272
-255.096936
4.510060
431.704724
174.155807
-300.946070
49.037383
0.634216
4.579336
160.741754
-27.760216
-97.432383
145.948297
76.391101
48.478088
-44.785492
-307.978931
267.203351
-103.186225
-303.680511
276.593414
-28.976909
-267.615767
-10.259394
-302.639220
153.749585
-31.422424
-353.157455
-73.995006
-293.860132
-51.412875
120.781137
282.458180
52.007194
-133.148063
-23.867231
-155.638963
472.896175
202.895558
286.439535
-603.267267
-92.124922
53.256028
-156.433690
177.132330
35.643210
77.295034
166.667105
322.849758
36.977833
332.002356
178.428173
-215.300119
-315.454087
-252.359959
552.807078
-13.510304
-73.535035
-299.204629
165.901733
212.472295
-69.701871
-100.001434
161.430443
734.095852
14.275416
45.008872
-63.123076
-83.465102
-245.384667
134.051279
228.518313
194.526607
287.809802
-20.886017
-317.200411
351.548081
-4.603788
-41.640652
-201.705043
374.427683
-2.066260
209.482391
104.250790
-44.994356
370.813128
204.523570
22.706597
-34.347316
-665.069332
-492.274676
83.634494
203.689002
577.679507
162.304964
159.321772
-173.247675
-155.697927
161.578280
64.310262
-505.787041
175.157768
-252.401172
-16.193117
-183.004095
178.850053
-134.684063
-231.714529
-96.372556
39.210644
6.036704
183.375532
-54.622611
-17.175055
-331.532028
0.226823
-256.386561
43.007167
-573.747222
64.101276
-134.489782
-140.786789
-409.319484
119.962919
-205.395260
-199.517579
-196.752766
-19.741332
150.281775
300.516641
42.375687
-217.167065
-377.401987
300.044118
143.907721
-386.278654
-216.483449
324.013943
-64.918206
-119.039434
405.495828
251.156531
-83.227697
-264.205549
-363.037582
461.762003
100.715310
269.696790
-151.605463
-42.258899
29.641194
-16.489553
284.227276
-398.186695
-30.650832
193.278814
-19.671727
184.378972
-296.664796
105.831807
-0.586605
-51.609999
-157.945774
-184.464201
-13.127573
247.515254
400.345280
-99.882561
-35.370400
-77.904448
146.653239
-549.238275
31.401042
-348.751567
-227.263308
-19.437108
-106.997112
186.096123
73.733604
-148.102031
500.295784
-638.292564
-62.915119
284.852394
297.666470
-530.900172
385.458767
-103.922414
-46.239412
73.392495
-88.224468
-262.555924
-45.709388
-321.925738
-169.620533
145.268151
35.523962
-182.795458
433.266572
-126.101451
170.678343
-363.415941
452.282386
-326.108569
-248.884096
195.428729
-31.540960
59.756289
132.808596
-238.957684
-8.137876
374.974431
-191.731288
-356.742454
-238.079928
72.234974
148.567348
-635.229342
-394.277335
69.592905
223.253321
254.968976
-743.222790
274.968151
-228.966727
-122.686419
-38.101513
193.550410
298.192822
112.161863
-69.327984
-0.366633
93.707973
-88.012413
-130.845508
92.289430
-76.229317
245.338093
-511.439767
188.333061
-24.665543
463.129155
97.975381
237.675774
270.233066
329.077504
-242.980734
562.282635
99.166526
231.628342
214.386636
144.116110
3.693443
-273.179007
-899.476596
681.232250
86.221977
-635.814000
-28.969278
104.352601
280.447338
-151.669621
-362.587876
-94.593845
262.624731
-98.616239
185.699769
-365.580886
-231.978002
-121.575266
22.003501
40.472991
-269.323678
411.240695
-500.888445
450.606207
188.866405
-153.184132
-123.179227
-58.861839
233.168418
65.576623
-202.868637
207.569882
62.307192
58.061684
50.116228
505.477182
-59.121297
-459.721179
214.935710
-286.183256
406.319849
88.480743
-397.217802
162.350041
110.122387
38.883097
-608.137657
-141.359061
176.069226
119.533849
226.456780
715.232152
263.203367
566.164345
-330.580792
226.221318
-650.116075
-214.827416
302.626722
400.156353
713.684977
-252.183969
-123.037707
105.561159
-693.109399
-170.774168
-40.121655
-141.045452
-469.862404
257.015272
-45.816561
176.079832
-171.621002
73.892942
-102.186587
-691.055060
119.063137
-362.736594
-597.277541
480.706806
-683.512742
-23.962406
-144.670262
-413.733111
-590.700741
345.989093
31.793803
-83.372035
401.038755
125.899263
-66.622954
-27.871268
445.307919
-283.056421
131.440768
-196.521105
-99.200101
-60.577666
476.922336
196.528655
-7.122530
-196.364471
36.461136
507.652070
230.158293
-176.893170
-200.533263
-60.582147
-0.019000
-57.661835
-34.557356
-41.795638
247.696676
-263.987629
-97.962792
202.294946
138.025998
-245.120937
-268.133037
-169.225423
209.296098
89.059598
-115.428235
262.703167
-304.268233
188.062582
-106.766356
473.105167
-220.706410
-463.519808
19.139571
51.484870
501.917968
-383.096802
-139.134508
-190.956772
55.497286
58.081727
241.375866
-440.273853
-118.388635
-277.811173
-370.818552
-113.320088
-439.953639
-43.367856
74.385825
-99.852175
-355.081112
-688.050980
31.126331
-123.836748
307.673060
638.150848
-581.128803
106.681336
188.276037
-210.341269
-231.383123
-561.078354
-320.667508
-32.890303
292.475954
-396.961382
30.256665
-309.111115
37.776282
170.397091
-86.170563
30.701571
554.630449
-230.217527
-314.435609
9.292889
-439.494576
127.507252
152.503593
-72.116209
-236.816638
-201.860535
-121.986750
53.582828
66.495457
-499.485628
16.253981
-400.666271
-641.868607
-91.346105
-342.783387
4.309781
-558.464813
84.761119
-474.688398
-199.148051
-1020.264909
-27.900547
276.481222
508.706488
-882.759762
-538.044055
391.387666
-72.571267
346.159375
-182.169578
131.891415
-143.584728
-224.854413
130.711085
-45.287335
-684.407287
-388.877330
207.665712
226.606223
66.119653
-498.079146
-118.725260
