0.000000
0.146740
0.499137
-1.021590
-1.632987
-1.143762
-1.364779
0.654788
-7.058766
1.423072
0.106329
-8.550039
-1.761454
-6.476010
6.727125
-7.963165
-8.339326
6.078921
1.354192
7.464596
-0.069297
-7.945622
-10.936818
1.106063
-3.098655
2.652938
-6.533592
-3.301886
3.476276
0.025024
-2.447542
-5.943373
6.741379
7.770610
9.486118
5.152675
12.366697
-1.051715
7.765321
3.978438
-2.237775
7.419821
-1.118774
-26.197644
1.381888
34.335274
-6.745934
-24.906294
28.141388
-10.043400
4.369633
-16.675365
27.614929
-8.369261
8.384161
-17.543127
-2.686400
-3.091584
39.150284
18.730653
24.025245
-35.770065
17.639911
4.894570
-14.554250
18.764070
0.841888
-36.010945
3.619558
7.459919
38.032066
-2.514862
-24.697465
-11.341387
27.360626
8.085615
-32.742687
-27.426556
3.579317
-15.696693
-7.545524
46.766520
49.681377
-4.548756
-22.100985
33.016482
-3.472413
-8.961453
17.258594
29.225355
-49.860142
-11.100516
-2.563907
9.545600
61.656205
-15.507354
54.780663
-24.796813
-3.703461
26.393101
16.536975
-26.134245
-92.567999
13.732375
81.487983
-43.867338
-52.323012
3.224162
-19.884072
43.001123
-26.350053
10.030283
-76.041729
31.712381
-10.594938
28.092798
-12.668000
4.385876
70.019712
-46.818303
35.487112
-17.183477
0.075110
56.331043
46.891025
37.435127
16.811337
-25.569604
-40.931176
81.081066
-32.018087
1.493614
-61.233682
-90.491547
-20.960876
53.563242
58.701951
-31.728024
-15.529122
33.153124
-31.396777
-87.529611
49.771934
-46.371503
24.700574
2.275723
-78.869774
-27.829620
26.899225
33.831209
5.665682
-75.437346
-5.418032
4.114177
-44.819212
-32.594951
149.271483
127.913404
87.790478
-23.183263
-6.984551
2.213475
-9.376608
14.742495
-55.365558
112.599727
-21.783805
-45.361807
59.118823
-77.451151
-38.249888
37.224584
-44.117941
22.288623
42.350714
66.331941
-16.347496
18.997855
-44.435516
39.759087
-54.946682
4.580422
1.541171
-107.094830
11.174487
-9.613571
-20.248016
-57.041387
30.566192
-97.264780
-172.021059
-15.153532
-69.801306
127.375828
-49.035875
73.388400
-115.491616
-96.970113
13.329344
6.146525
-12.615827
-11.639108
-11.009318
16.410789
29.625017
103.895185
-32.005271
23.271877
-60.309367
-63.978512
133.079465
-74.196388
40.441704
18.935782
-13.361603
106.390054
19.388953
-124.122117
104.959909
59.720347
19.838892
-50.014213
177.376857
-161.136446
0.385725
-129.374726
59.198448
-30.610682
30.827339
-46.230625
-49.420973
45.017689
13.672433
-100.391868
81.460907
-60.943614
-23.696123
-46.281301
35.145639
-29.463149
-118.954418
100.849212
60.003211
-45.823065
13.930902
17.543432
-133.713016
-39.056759
43.943094
-27.351790
-41.034516
-12.379936
-76.305052
-149.612902
131.082696
90.148777
-32.295729
195.152449
65.541106
-69.444366
-52.239012
46.670107
90.596656
65.438528
48.200221
127.133137
-41.891098
62.749486
-2.712156
-42.971454
-185.583658
133.348450
-103.078659
223.364593
-149.746755
148.219481
2.431147
71.365260
-28.160239
71.539262
45.958080
-159.591048
-4.799899
-193.917744
-29.262356
23.853569
-45.854152
-40.807342
-65.960671
-143.890517
-78.773708
-15.276834
-175.290648
179.150554
73.593651
-58.846004
-115.085034
-201.258156
-165.982915
64.154355
127.339132
-1.991404
136.112188
-27.657492
91.784527
28.623914
44.908489
64.427510
115.307168
89.717808
42.278013
302.890101
64.604959
-106.355947
-192.939438
-120.522649
-49.781807
164.635406
-68.256543
-9.425823
110.480242
4.610828
49.980247
-74.693277
40.260586
12.307420
64.336253
-220.459491
41.070395
-18.723743
173.806067
-2.106349
-0.731317
237.059819
-115.392915
-6.325822
-67.161939
-62.744061
51.199102
50.982731
130.446558
43.324581
104.874252
-17.979536
63.851001
27.091060
-185.690392
5.377350
36.780017
10.792279
-29.203258
-15.616164
122.359055
42.432931
35.751677
-45.841018
-35.833367
-49.306948
-107.001065
31.775699
-127.811308
283.870742
-100.446725
105.130899
41.219709
161.043757
-50.011399
27.211439
72.156895
-57.008978
82.174385
-62.261215
93.339869
-44.211337
-113.463868
-0.033709
12.345155
95.433341
-192.299042
5.029599
-42.932475
44.070511
-5.317053
25.305281
75.950979
207.701433
37.269322
382.213395
22.965556
87.778497
-34.596942
-239.201669
80.681782
-17.655278
-2.339944
-36.966650
222.073408
50.026408
150.098197
168.391526
46.467077
106.727690
-47.275291
-45.647541
48.027444
391.208733
224.321999
-29.140707
198.782583
95.811646
-187.863626
86.657013
80.957408
69.590010
-20.214790
-55.993686
-202.236179
-282.695866
-90.672591
36.653700
-122.212501
-106.982939
104.856607
-103.693031
197.211956
132.866464
138.447789
-56.518533
79.458556
-13.098908
144.188500
35.459315
-26.175459
-26.259275
-156.462627
-59.443173
-59.274812
23.263485
-138.900714
-73.902844
-21.191524
-45.064727
-87.301029
118.885822
-33.589750
123.264223
17.010787
41.260170
73.757595
-172.273491
-11.835112
-55.280029
-95.050881
-14.772247
-82.232174
-297.680037
-436.738009
-117.652215
-8.979625
-42.520189
-55.666138
42.438684
101.231095
-47.364063
-46.451185
-68.368096
-25.735391
-21.836740
93.767588
67.982141
110.468634
5.827909
-36.965070
-154.106147
1.379217
-80.207235
218.202927
-54.441440
-0.186479
-242.653798
145.430936
-114.240133
-190.737440
126.281095
291.984885
-170.917056
194.652112
-98.465203
42.453061
70.926109
-18.854178
281.878888
-349.392321
216.827208
166.612304
-139.833447
146.483593
65.905025
38.347898
32.000299
-186.211044
45.084632
165.885266
197.317147
-116.406467
-104.601197
-81.706284
-193.142712
-148.127234
412.542905
-145.870706
439.528519
67.185420
-375.071794
205.117284
187.399505
42.217458
155.370785
11.871608
-5.009110
386.982717
-40.567621
-39.226104
-109.563259
-49.030455
38.101558
-313.553804
-152.216766
149.219324
104.067379
330.537509
-109.190913
200.621071
-15.971682
-126.102235
-40.625147
-62.328837
50.895749
109.494585
-284.795470
52.861692
-82.367991
-34.135583
131.387379
-263.538977
33.069787
110.344636
57.510448
58.618285
133.470330
-471.915365
5.521981
-13.765709
296.746122
-187.620032
90.580177
-155.868272
-255.096935
4.510061
431.704724
174.155807
-300.946070
49.037383
0.634216
4.579336
160.741754
-27.760216
-97.432382
145.948297
76.391102
48.478088
-44.785492
-307.978931
267.203351
-103.186224
-303.680511
276.593414
-28.976909
-267.615768
-10.259394
-302.639220
153.749585
-31.422424
-353.157455
-73.995006
-293.860132
-51.412875
120.781137
282.458180
52.007193
-133.148064
-23.867231
-155.638962
472.896175
202.895558
286.439535
-603.267268
-92.124922
53.256027
-156.433690
177.132330
35.643210
77.295034
166.667105
322.849757
36.977833
332.002356
178.428172
-215.300119
-315.454088
-252.359959
552.807078
-13.510304
-73.535035
-299.204629
165.901733
212.472294
-69.701871
-100.001433
161.430443
734.095852
14.275416
45.008871
-63.123076
-83.465101
-245.384667
134.051279
228.518313
194.526607
287.809802
-20.886018
-317.200411
351.548081
-4.603789
-41.640652
-201.705043
374.427683
-2.066260
209.482390
104.250790
-44.994356
370.813127
204.523570
22.706597
-34.347316
-665.069332
-492.274677
83.634494
203.689002
577.679507
162.304964
159.321772
-173.247674
-155.697927
161.578280
64.310262
-505.787041
175.157768
-252.401172
-16.193118
-183.004095
178.850053
-134.684063
-231.714529
-96.372555
39.210644
6.036704
183.375532
-54.622611
-17.175054
-331.532029
0.226823
-256.386561
43.007167
-573.747222
64.101276
-134.489782
-140.786789
-409.319483
119.962918
-205.395260
-199.517579
-196.752766
-19.741331
150.281775
300.516641
42.375687
-217.167065
-377.401987
300.044118
143.907721
-386.278654
-216.483449
324.013943
-64.918206
-119.039434
405.495829
251.156531
-83.227697
-264.205549
-363.037582
461.762004
100.715310
269.696790
-151.605463
-42.258899
29.641195
-16.489553
284.227276
-398.186694
-30.650831
193.278815
-19.671727
184.378972
-296.664796
105.831808
-0.586605
-51.609999
-157.945775
-184.464200
-13.127572
247.515254
400.345281
-99.882560
-35.370400
-77.904448
146.653239
-549.238274
31.401043
-348.751567
-227.263309
-19.437108
-106.997113
186.096122
73.733604
-148.102031
500.295784
-638.292564
-62.915119
284.852394
297.666470
-530.900172
385.458766
-103.922414
-46.239412
73.392495
-88.224468
-262.555924
-45.709388
-321.925737
-169.620533
145.268151
35.523962
-182.795458
433.266572
-126.101451
170.678343
-363.415941
452.282386
-326.108569
-248.884096
195.428729
-31.540959
59.756289
132.808597
-238.957684
-8.137876
374.974431
-191.731288
-356.742454
-238.079928
72.234974
148.567348
-635.229342
-394.277335
69.592905
223.253322
254.968976
-743.222790
274.968151
-228.966727
-122.686420
-38.101513
193.550410
298.192822
112.161863
-69.327985
-0.366633
93.707973
-88.012413
-130.845508
92.289431
-76.229317
245.338094
-511.439767
188.333061
-24.665544
463.129155
97.975381
237.675774
270.233066
329.077504
-242.980733
562.282635
99.166526
231.628343
214.386635
144.116110
3.693443
-273.179007
-899.476596
681.232250
86.221977
-635.813999
-28.969278
104.352601
280.447338
-151.669621
-362.587876
-94.593845
262.624731
-98.616239
185.699769
-365.580886
-231.978002
-121.575266
22.003501
40.472991
-269.323678
411.240695
-500.888445
450.606207
188.866405
-153.184133
-123.179227
-58.861839
233.168418
65.576623
-202.868637
207.569882
62.307192
58.061684
50.116228
505.477183
-59.121297
-459.721179
214.935710
-286.183255
406.319849
88.480743
-397.217802
162.350040
110.122387
38.883098
-608.137657
-141.359061
176.069226
119.533849
226.456780
715.232152
263.203367
566.164345
-330.580792
226.221318
-650.116074
-214.827415
302.626722
400.156353
713.684976
-252.183968
-123.037706
105.561159
-693.109399
-170.774168
-40.121655
-141.045452
-469.862404
257.015272
-45.816562
176.079832
-171.621002
73.892942
-102.186588
-691.055060
119.063137
-362.736594
-597.277541
480.706806
-683.512742
-23.962406
-144.670262
-413.733111
-590.700741
345.989093
31.793803
-83.372034
401.038755
125.899263
-66.622954
-27.871267
445.307919
-283.056421
131.440768
-196.521105
-99.200100
-60.577667
476.922336
196.528654
-7.122529
-196.364470
36.461136
507.652069
230.158293
-176.893170
-200.533263
-60.582148
-0.019000
-57.661834
-34.557356
-41.795638
247.696676
-263.987629
-97.962791
202.294947
138.025997
-245.120936
-268.133036
-169.225423
209.296098
89.059598
-115.428235
262.703166
-304.268234
188.062582
-106.766356
473.105166
-220.706410
-463.519809
19.139571
51.484871
501.917968
-383.096803
-139.134507
-190.956772
55.497286
58.081727
241.375866
-440.273854
-118.388635
-277.811172
-370.818553
-113.320088
-439.953639
-43.367856
74.385825
-99.852175
-355.081112
-688.050981
31.126331
-123.836747
307.673061
638.150848
-581.128804
106.681336
188.276037
-210.341269
-231.383123
-561.078354
-320.667507
-32.890303
292.475954
-396.961382
30.256665
-309.111116
37.776283
170.397091
-86.170564
30.701570
554.630450
-230.217527
-314.435609
9.292889
-439.494576
127.507252
152.503593
-72.116209
-236.816638
-201.860535
-121.986750
53.582828
66.495457
-499.485628
16.253981
-400.666272
-641.868607
-91.346106
-342.783387
4.309781
-558.464814
84.761119
-474.688398
-199.148051
-1020.264909
-27.900547
276.481222
508.706487
-882.759761
-538.044056
391.387667
-72.571266
346.159375
-182.169579
131.891414
-143.584728
-224.854413
130.711085
-45.287335
-684.407287
-388.877330
207.665713
226.606223
66.119654
-498.079147
-118.725259
