-0.000000
0.040621
0.161224
-0.903369
-0.471176
-0.098177
-0.034038
0.415255
-3.976281
2.255999
0.184795
-8.459827
-2.986211
0.660730
2.961914
-4.100272
-2.175097
-6.179380
-0.025384
4.392134
0.010152
-4.382415
-4.381123
1.919786
-0.598753
2.563354
-10.381600
-4.909884
0.187642
5.084327
-3.915054
-6.928459
6.452353
6.096511
-3.766735
5.645530
-0.158412
-0.946242
4.419206
4.591901
-2.181465
-0.856418
-0.051606
-20.377798
0.890091
31.900180
2.705507
-18.812983
14.018931
-2.383873
0.958698
-9.271094
27.828419
-7.400038
14.829638
1.188805
-24.814825
-7.625742
7.819391
-0.775743
-2.599878
-20.154290
-0.990527
9.625621
-14.419093
20.087940
-7.572272
9.445629
7.861398
6.955331
2.778542
13.764566
-15.957562
-23.462686
-2.185649
1.287540
-18.527275
5.737942
-32.209731
21.879797
-0.177015
33.344715
23.943424
-4.461530
4.726302
19.994244
1.599323
-2.032567
10.016704
10.937714
-42.183325
6.907612
-7.094143
-6.453637
44.813457
-0.454217
64.437770
-12.286588
-35.595759
18.490803
36.623499
-29.949411
-31.336558
32.087333
17.858284
-51.347268
-42.533779
-28.316073
-22.644915
19.990349
-27.358569
-30.084497
-11.119420
-15.769697
-22.469315
21.544083
-20.809575
5.408358
65.395854
-28.220423
-13.487348
-0.143864
10.500930
27.307829
22.389140
18.886657
2.436885
-8.250458
-9.521948
27.821852
-12.845025
-10.256278
10.677205
-92.426136
3.534302
62.039085
33.270785
-10.344559
-14.345878
2.838360
-34.466156
-82.600639
67.334861
23.813245
-10.684323
-35.793293
-50.026570
-24.622681
32.367458
23.350667
-21.351465
-75.223324
-4.847578
-39.573741
-15.225738
-0.662119
92.856671
-3.424701
74.715040
-3.502301
13.168220
1.726932
-2.291715
15.676739
-24.573718
11.207827
-21.640139
-68.850913
12.138457
-32.995848
-25.442498
14.739855
-6.442300
13.542690
8.114259
32.300164
-36.404697
30.242533
-39.433316
8.003182
-69.978692
32.086351
-0.058846
-50.036417
0.649518
9.550035
-46.245335
-35.869353
24.993696
-71.261965
-106.266146
6.073360
-15.803575
72.308000
-18.012317
70.337151
-116.072755
-23.298787
86.990126
29.802174
-2.096448
-17.771008
-17.278323
9.325102
28.365599
112.698600
6.684401
31.711309
-23.457688
-7.238045
-0.107382
-4.156012
47.754316
-59.920961
-11.752381
-10.277066
-15.910413
-86.738227
4.440774
11.981457
-37.699033
-43.648078
-14.723072
-69.915720
-14.283861
9.632635
53.500011
1.541363
17.026096
-48.850066
-1.772528
-3.441044
3.013669
-115.668671
109.795765
8.207124
-0.357907
37.690940
34.911453
-16.443364
-3.800497
54.376755
-37.895292
-8.494023
-2.508506
2.972019
-75.702138
-38.620279
28.782739
16.559856
-1.990023
-24.790492
-26.233984
9.266543
178.787591
59.301235
24.665676
69.613441
75.642080
-29.579170
29.720352
120.631238
22.572169
71.320131
-15.917417
90.282449
-2.082231
10.580734
-25.599014
-11.709306
-15.686991
164.230709
-53.840509
132.284372
-27.055808
79.895353
13.558869
75.215682
2.218159
-12.355379
25.536569
-159.686650
-11.969741
-177.614741
31.935163
27.115919
19.351831
-3.345570
15.431081
-116.475663
-35.520629
6.336079
-134.456286
168.284205
66.579346
13.910686
-71.770890
-32.074224
-140.156458
63.732023
75.611869
-25.480446
129.188710
-10.987987
181.679276
-8.254035
0.739835
31.963591
188.357287
87.921398
139.738202
80.802012
19.946062
-28.278184
-147.798569
-9.947822
-110.968128
127.965528
-64.989642
-16.872261
53.144654
15.475868
26.704241
-77.035901
-23.792404
4.691505
90.521110
-47.572041
42.227013
-10.566300
139.201678
3.279211
22.454325
82.305989
-92.484236
-8.798501
-0.472677
-24.711449
33.858807
-16.999090
78.539017
-10.665778
137.696641
-9.206370
5.421762
82.216648
-185.641465
8.142548
-5.835955
5.311891
-19.078378
-50.837193
140.008019
171.178197
-38.613924
-25.163760
-83.486870
-86.791254
-164.492257
-91.162851
-105.018262
276.992816
-86.098368
-10.936222
11.745324
62.369011
-24.959919
54.575326
9.167339
11.462339
108.401727
72.678410
64.291376
-0.071302
-22.485876
0.369282
33.194964
34.031029
-30.288159
-125.877655
1.531355
47.339198
-51.182342
37.258653
-82.032450
158.773419
-14.075325
226.952379
7.431439
89.333357
-0.357693
-190.969721
45.903116
-61.294307
50.172672
77.918550
141.801766
39.085455
-35.513831
-107.670020
95.602686
-9.235033
-6.039258
-5.860824
86.864189
123.499050
214.869603
13.929422
221.511865
-44.506977
-199.158915
76.012414
64.153183
12.399439
15.544627
-2.786906
-0.957415
-136.075047
-169.267346
38.458386
-17.174477
-33.678262
120.284591
-103.472444
0.908618
66.781499
-1.406495
3.310681
78.509666
-160.982623
41.453395
-91.219781
-10.135516
34.756707
-111.961850
-75.019217
-80.160601
48.663255
-139.591800
42.448304
-12.147733
-20.464784
-4.477379
139.940093
-91.499171
-4.419592
-55.773481
67.394593
47.337852
-126.109511
33.163151
-217.118821
-95.243483
4.810937
-99.447029
15.019121
-336.665151
7.077226
58.815908
51.381416
86.368168
-14.715279
25.311727
-6.462257
10.995415
12.030346
-39.334794
-47.460933
57.640860
26.598622
240.502992
-125.358087
0.275932
-37.814739
-1.640010
-86.086505
228.495583
4.004951
79.589581
31.740178
157.696032
5.997489
12.799285
20.182339
-1.420621
-61.772547
-36.563439
-127.977850
-51.730030
75.661038
153.869570
152.455585
-150.866537
-27.782967
60.199783
18.687807
138.888421
82.883035
42.778105
-10.339640
-198.027755
-11.486167
253.769843
81.142809
-43.893080
-163.675989
-52.951076
-193.099805
-162.066863
380.601156
-121.059896
342.453570
-73.829606
-275.767533
169.787586
244.923071
-69.366573
132.109515
10.648968
-29.261774
142.034679
29.353602
66.773168
-105.634775
0.047496
108.653625
-87.226935
-22.721635
124.416857
-25.758642
320.273312
48.910229
206.437870
61.004566
-98.320442
21.047636
-4.064340
-0.150401
39.233162
-24.982734
17.938844
-61.429108
-118.592219
166.042783
-194.056946
72.547674
14.064196
194.210040
68.522227
-11.583071
-197.806562
-15.486523
-17.729760
63.763257
-141.176394
86.479365
-152.314187
-215.635794
-70.263999
470.242532
261.742898
-196.650483
19.370430
-28.355818
112.468914
118.993573
27.421224
-126.221455
168.942262
-6.606235
51.868373
6.780417
-164.079134
116.344325
-112.201382
-76.361430
41.522329
-137.433161
-256.784600
138.439798
-308.781438
-16.856581
-25.309052
-136.870422
-90.561859
-189.327720
-126.068619
103.170415
231.537135
-29.904678
-63.756661
-16.362808
-139.511714
170.021229
63.009708
176.862365
-198.991999
-73.544722
35.084611
-21.525910
0.750810
-15.580794
-1.109910
24.836688
326.651849
-21.010747
265.062122
193.761805
-64.895977
-156.812962
-229.286050
267.994144
49.228461
-75.852979
-188.014456
159.586115
-147.221145
-62.948091
-104.557787
46.766528
268.959192
2.463822
-64.310412
30.101546
-84.051499
-124.367510
73.771765
10.508111
7.846392
165.289980
-60.079234
-256.705420
-3.983485
-170.430808
85.875510
55.001456
-12.382173
-34.864162
128.523690
120.498744
-6.308656
82.025194
193.122487
19.351139
-68.810610
-255.797225
-435.705145
91.044165
-63.133511
289.699824
0.241059
113.095223
-28.866309
-8.951482
-145.021842
80.033795
-20.552755
223.479935
-147.925316
53.826603
-46.587528
32.758218
23.248793
-144.540732
8.584234
-380.202292
-17.642284
94.037922
21.167575
92.327754
-199.311798
-88.307511
-32.662188
45.322773
-368.416751
113.018890
-117.274637
-147.194082
-147.451517
133.151703
-44.324535
-259.995595
-104.889221
77.587306
98.875834
-149.555119
-30.683077
-157.553730
-310.345669
72.100874
90.647289
-466.273353
-85.613535
294.500155
-6.674912
26.011738
-141.874436
-17.962341
43.480002
-154.621649
4.869634
190.145318
8.208072
14.570549
-106.779285
-6.923862
5.372203
118.497417
209.225823
-335.647969
27.504054
203.419031
-21.961147
116.613278
-276.631915
231.349434
-21.917015
11.612933
-184.904961
-111.798884
-108.770569
266.287832
187.864668
-100.858786
87.830214
-9.928640
3.007948
-295.462977
-101.250280
-48.057249
-136.556541
-169.749162
73.631915
185.773436
23.730547
-23.161685
75.691331
-324.752295
-58.147257
210.534944
274.489700
-226.075956
427.281082
-74.302936
-218.148841
45.026221
-65.865310
-154.362474
-142.800344
-55.666204
-37.880090
53.050030
-94.911919
73.890524
-18.790935
-6.178155
190.292101
-202.238725
182.323658
-150.378097
-124.760942
-77.431672
-8.470559
16.101538
-169.990210
-80.524906
5.113250
127.429175
32.037898
-56.064417
-240.437257
-11.527353
3.653378
-513.078727
-382.212414
73.688261
249.227885
261.990623
-568.299430
262.602071
-246.152659
-110.350834
-12.303584
210.936968
60.519084
-29.389074
-5.778096
-13.601283
68.340318
-51.640743
-279.492376
-28.767361
-6.094542
-269.735506
-297.920335
29.721843
-199.014551
430.229903
26.256510
31.247086
-3.632994
225.345996
-252.120129
337.478498
85.918902
-4.796149
233.712567
3.456465
-66.253055
-63.008937
-371.618308
546.636285
104.944160
-153.921641
14.940345
-10.829879
-225.582321
-2.156579
-118.453594
157.074818
110.095564
-54.055989
88.059517
-345.769463
74.564558
-2.524861
15.082735
229.999024
12.854082
129.344960
-44.074079
-114.011529
-33.605016
-141.542111
-114.266314
-9.494129
232.855171
87.638810
-311.932349
71.141144
-339.094150
178.368871
-38.243089
475.102392
-140.949279
29.355624
115.172558
-17.961923
418.852423
99.205400
-463.132195
-71.223346
71.418681
-57.516858
-243.584590
-493.265779
135.460158
-19.286988
200.561963
351.354630
168.190189
371.571782
-496.712321
-88.852494
-447.552943
-87.471544
228.073741
484.753530
310.021979
-275.108584
47.775301
-35.303825
-161.130911
-115.119445
13.011683
-14.733147
41.079920
-344.948151
-26.388811
513.885639
-48.792062
-28.956825
-99.289813
-205.481597
182.289968
-344.195733
-137.887758
490.109283
-259.813526
-71.745144
-125.997916
-322.151043
-296.289262
-6.662967
-218.944286
-0.542364
341.138087
195.775957
-129.158295
-172.303037
-47.802488
-211.771991
1.613159
25.704119
-65.906726
4.690585
411.910118
-23.147844
32.282759
-222.380324
-146.726581
288.757893
-186.033943
214.886692
-258.718011
-11.657601
447.270639
-59.317346
-12.435159
-3.635884
312.761770
1.068706
8.873343
29.524301
2.044858
-153.819652
-208.889441
-49.949134
101.357679
160.085254
-189.846669
205.667047
-215.684993
105.075444
215.214693
193.757762
-228.820401
-401.813254
241.557297
47.839393
-137.308061
-223.324099
-196.512321
-133.742984
-112.770822
167.858702
62.590227
-66.698292
117.230735
10.082483
84.911762
-254.490577
-513.420491
139.721817
-95.254113
-91.572759
-11.157922
-407.430551
-10.187372
-182.214295
122.904753
685.990646
-188.435112
42.790324
97.257697
-98.371033
-193.053401
-290.598249
-331.384873
-34.053597
69.583980
-391.584596
114.441567
-216.506561
194.368978
11.134192
-84.764682
-113.809784
270.488703
-201.039830
-25.562906
-344.148842
-107.444337
126.282633
71.796704
387.785171
-191.042645
-342.022597
-3.924869
-348.083913
82.218181
-354.093799
-54.478474
-412.591484
-639.124998
189.259665
24.288081
-75.358357
-423.056116
85.373214
-176.864645
-146.777526
-271.336173
-154.815617
-96.261107
272.330624
-737.059332
-34.341028
-201.567890
-181.147918
296.425734
-54.388708
131.667586
-231.514201
162.262042
302.734755
41.574189
-204.243730
-330.135787
89.984330
38.895429
1.008470
-197.192848
-105.792922
