-0.344675
-0.848047
0.100101
0.691890
-0.999994
-0.765170
0.990761
-0.990162
0.974260
-0.294168
-0.987581
-0.810845
-0.816977
0.969796
0.128412
-0.626858
-0.824750
-0.885875
-0.812755
0.215813
0.522714
-0.572370
-0.438994
0.767270
-0.897186
-0.978893
0.369681
0.837416
0.999992
0.821800
-0.835896
0.236040
-0.193495
0.717182
-0.056450
0.431305
0.978766
-0.667159
-0.550457
-0.868914
0.892201
-0.777702
-0.455846
-0.918083
0.820044
0.073717
-0.954134
0.688611
-0.978438
-0.507883
-0.966536
0.988441
0.085930
0.977553
-0.998475
-0.999188
-0.146323
-0.542757
-0.663365
0.561293
0.612206
-0.806610
0.502541
0.932425
0.505950
0.833530
0.723049
-0.951729
-0.610709
0.302029
0.992086
0.991781
0.872677
-0.823067
0.088326
-0.043751
0.788457
-0.044650
-0.586331
-0.311847
0.983071
-0.071616
-0.990035
0.117793
-0.525478
0.150937
0.884092
0.863439
-0.106962
-0.212192
0.742361
0.354761
-0.300204
-0.997911
0.232417
-0.851779
0.607768
-0.995224
0.998732
0.845681
-0.114612
0.909960
-0.563323
0.530628
-0.719552
0.998229
-0.121657
-0.371065
-0.357139
-0.101967
0.648461
0.988988
-0.153666
0.940226
-0.633913
-0.199481
-0.917337
0.996160
0.840710
-0.216233
-0.849098
0.970398
0.931091
-0.121020
0.771882
-0.646933
0.957537
0.572661
-0.747905
0.573096
-0.783301
0.507886
-0.413665
0.775825
-0.838050
-0.621250
0.978393
-0.113827
0.834753
-0.140242
-0.712498
-0.304413
-0.940852
-0.956589
0.600025
-0.635052
-0.463418
0.057782
0.012959
-0.949197
-0.346578
-0.230904
-0.048546
-0.140750
0.392890
0.989560
-0.127215
-0.379184
-0.998900
0.975794
0.814449
-0.994359
0.802966
0.290725
-0.974542
-0.976800
0.669777
-0.928871
0.453859
-0.501819
-0.902451
-0.468902
0.963983
0.388352
0.992361
-0.842226
-0.973857
-0.285386
-0.602705
0.814039
-0.948429
0.994657
0.709828
0.776796
-0.000866
-0.296450
0.633631
0.763400
0.165402
-0.925866
-0.506240
-0.998553
0.698739
-0.973317
-0.627287
0.997085
-0.903075
0.197809
0.813234
0.185451
-0.732401
-0.987967
-0.362742
-0.933439
-0.942608
0.608103
-0.944818
-0.999042
0.624898
-0.926923
-0.799962
0.764384
-0.464976
0.833866
0.876026
-0.939608
0.470826
-0.982730
-0.505069
-0.968572
-0.171926
-0.112280
0.968428
0.944436
-0.990006
0.655098
0.888017
0.216719
0.740350
-0.957332
0.999969
0.992941
0.993607
-0.855415
0.022925
-0.514356
-0.359105
0.999999
0.014571
-0.821861
0.762635
-0.955982
-0.426971
0.911946
0.999763
-0.996001
-0.538318
0.795032
-0.125684
0.918364
-0.401413
0.934063
-0.999575
0.048468
-0.577538
-0.870854
0.825443
-0.817133
-0.758524
0.233476
0.893687
0.459282
-0.731412
0.006983
0.957988
0.782609
-0.838686
-0.415554
-0.127239
-0.295495
0.408367
0.825590
0.571716
-0.795474
0.627590
0.711397
0.452518
-0.224335
-0.293612
0.122657
0.871824
0.385344
-0.999494
-0.988033
0.798645
0.529553
0.135566
-0.602593
0.986605
0.930714
-0.764168
0.639073
-0.962804
-0.692353
0.254816
-0.094166
-0.968612
0.986044
-0.628777
0.702525
-0.785531
-0.981415
0.359359
-0.834414
0.717388
0.983938
0.341747
-0.241524
0.640078
-0.773156
-0.951463
-0.098276
-0.506445
0.095056
0.148986
0.501893
0.495586
0.992872
-0.264050
-0.419203
-0.834844
0.026907
0.975160
0.330189
0.944407
0.911359
0.999305
0.831619
0.981337
0.900133
0.993496
-0.364196
-0.967560
0.876426
0.455328
0.107107
0.992877
-0.445544
0.943457
-0.342083
0.206609
-0.160238
-0.661650
0.628346
-0.298686
-0.662291
-0.574202
0.419463
-0.055608
-0.769614
-0.994540
-0.229282
-0.978898
0.999744
0.648456
0.971734
0.999820
-0.186027
-0.597752
-0.741694
0.380707
0.385467
0.199229
0.889978
0.995139
-0.050010
-0.712547
-0.320030
0.999990
-0.992920
0.627803
-0.033796
0.800119
0.261105
0.836959
0.999961
-0.999890
-0.543906
0.326228
0.801052
-0.997071
-0.130825
0.447837
0.523012
0.916451
0.645915
0.811919
0.721454
0.967213
0.743818
-0.944849
-0.981422
-0.477179
0.752115
-0.400228
-0.098456
0.996684
-0.591791
0.754972
-0.723703
0.870674
0.437704
0.506092
-0.948575
0.962272
-0.714360
0.909162
0.682061
-0.471537
0.781897
-0.042910
-0.998428
0.906811
0.998412
-0.934414
0.999774
0.272921
-0.660951
-0.842341
0.882028
0.458310
0.730837
-0.084676
0.470533
0.384299
-0.990805
-0.872109
0.997164
-0.059458
0.686404
-0.941915
0.999663
-0.536824
0.221235
0.992602
0.777266
-0.476936
-0.118970
-0.987712
-0.118184
0.957938
-0.563341
-0.954117
0.192294
0.701321
-0.862859
-0.977288
-0.996356
-0.474725
-0.998154
0.973856
-0.145172
0.994687
0.999999
-0.933812
0.843774
-0.163570
-0.153155
0.571065
-0.296765
0.978436
-0.620070
-0.084969
-0.521419
0.992457
-0.080810
0.546366
-0.998560
-0.678363
-0.191705
-0.407800
0.838937
-0.963062
0.735497
-0.502035
0.985346
0.917067
0.619547
-0.831437
-0.143586
0.994380
0.865512
-0.628484
0.787536
-0.418583
0.430765
-0.720688
0.944643
0.975859
-0.733540
-0.635937
0.959301
-0.998629
-0.942267
-0.284511
-0.901246
0.472378
0.478361
-0.129867
-0.489512
0.649994
0.986034
-0.094996
0.333735
-0.999669
-0.131414
-0.849935
-0.269200
-0.906009
-0.651198
0.952862
-0.698549
0.827571
-0.950763
0.938617
0.182911
0.990125
0.656634
0.456905
0.667162
0.295365
0.069860
-0.795674
-0.822396
-0.871898
0.087282
-0.465600
-0.997225
-0.865315
0.989373
-0.972231
-0.592418
-0.811851
-0.115917
0.374093
-0.731511
0.468577
-0.024549
0.969632
-0.966916
0.847635
-0.717059
0.578934
0.972301
-0.936330
0.502622
-0.496954
-0.675974
0.184718
-0.996761
0.974116
0.620062
-0.467720
-0.003134
0.689349
0.646947
0.746699
-0.524310
-0.999253
0.662827
-0.684547
0.792769
-0.969489
0.079968
-0.466447
-0.264126
-0.542992
-0.344439
-0.999884
0.596752
0.923628
0.142903
0.997132
-0.264803
0.915180
0.200542
-0.234868
0.162752
-0.990390
0.650101
-0.367331
-0.494923
0.444982
0.460340
0.967804
0.997447
-0.039578
0.730958
0.064643
-0.681637
-0.919350
-0.611796
0.757522
0.969398
0.764085
0.910743
0.852343
-0.088716
-0.879183
-0.534584
0.340160
-0.693518
-0.980329
-0.616874
0.011084
-0.297050
0.351236
-0.382979
0.997247
-0.859227
0.079248
-0.789620
0.957750
-0.134802
-0.241748
0.159759
-0.183882
-0.644374
-0.999838
0.353367
0.845493
-0.344312
-0.437963
-0.813347
0.158131
0.308194
0.781192
-0.652708
-0.662063
-0.772908
0.998889
-0.999725
0.909891
0.465266
0.235936
-0.749354
-0.940734
-0.228219
0.011217
-0.983090
-0.266077
0.411076
0.984260
0.999531
-0.883067
0.152195
0.653440
-0.157415
-0.131419
0.916181
-0.320982
-0.433607
-0.486789
0.939551
0.671055
0.956047
-0.888796
0.468992
0.273493
0.069111
-0.315917
0.964923
-0.927484
0.214794
0.968755
0.575229
-0.999998
0.710843
0.543058
0.557389
0.123097
0.300239
-0.997735
0.181522
-0.942648
0.560424
-0.237250
-0.210824
0.261142
0.780027
-0.933841
-0.667581
0.990523
-0.965691
0.108809
0.935798
-0.590133
0.370001
-0.346786
0.718344
0.477028
-0.981968
-0.790624
0.999659
-0.887695
-0.775192
0.790127
0.585743
-0.122075
-0.613235
-0.728879
0.999541
0.630857
0.980688
0.463280
-0.585131
0.814490
0.473842
-0.783818
-0.765236
-0.067006
0.742767
0.574511
-0.717771
-0.486137
-0.964030
-0.652032
0.209088
-0.636007
-0.882225
-0.641876
-0.412840
0.084860
-0.915880
0.908731
0.429419
-0.308261
0.879070
0.767244
-0.691409
-0.680358
-0.948902
0.962241
0.226115
0.996227
0.865466
0.987044
0.051958
-0.267758
-0.945261
0.524957
0.865917
0.591352
0.969601
-0.104099
0.996033
0.963216
0.958313
0.496180
-0.690545
-0.753533
-0.932025
-0.828066
-0.974444
0.996592
0.475594
-0.690877
-0.110164
-0.426498
0.202522
-0.540009
-0.497372
-0.981115
-0.977557
-0.971745
0.636717
-0.810889
0.999790
-0.452726
-0.301430
-0.814007
0.859902
0.051071
0.741015
0.926835
0.238657
-0.939407
0.262856
0.878782
0.845258
0.861303
0.717633
-0.674694
0.594402
0.822290
0.884233
0.336885
0.900697
0.927105
-0.303523
0.426193
-0.880435
-0.850293
0.536031
-0.647536
-0.313274
-0.934118
-0.999967
0.993708
0.830597
-0.503727
-0.474842
-0.028234
-0.124083
0.995785
-0.529462
-0.458471
0.941768
-0.675235
-0.039754
-0.963270
-0.941542
-0.777260
-0.137645
0.999828
-0.239603
-0.589728
0.650665
0.965568
0.102588
0.321181
-0.201678
-0.730176
-0.999215
-0.722456
0.301698
0.995308
0.870892
0.423484
-0.303043
-0.875769
-0.582677
-0.164836
0.257623
-0.648543
-0.848104
-0.986205
0.625955
0.901368
0.956676
0.361141
0.545617
-0.158415
0.635754
-0.922761
-0.369757
-0.470655
0.730435
0.949946
0.866998
0.934424
0.643717
-0.518652
0.996839
-0.015726
-0.387808
-0.633154
0.999836
-0.977055
-0.646158
0.175529
0.999388
-0.980298
0.205543
0.417537
0.974105
0.777149
0.653197
0.260209
-0.195986
-0.926660
-0.954686
-0.358575
-0.996503
0.784967
0.682262
0.770530
-0.056569
0.793768
-0.784718
-0.696354
-0.854942
0.995955
-0.939978
0.868452
-0.394886
-0.142890
-0.920082
-0.404631
-0.075534
0.945491
-0.131887
0.845438
0.348406
-0.404855
0.731193
0.986888
0.939186
-0.104947
0.833846
-0.690084
0.923696
0.962812
0.593610
-0.472320
0.681359
-0.004652
0.006711
0.536605
0.998592
0.832630
0.374536
0.115255
-0.849585
-0.065044
-0.080581
-0.902103
-0.922209
-0.702539
-0.932610
0.280098
0.257919
0.031206
-0.993175
0.625935
0.811478
-0.828891
-0.655846
0.983690
0.927313
-0.838396
-0.069356
-0.999977
0.690391
0.824071
-0.117966
0.988918
-0.982617
0.023277
-0.324531
-0.999328
0.949662
0.591803
-0.550182
0.914106
-0.861219
0.991216
-0.890679
0.983870
0.003705
-0.399899
-0.862813
-0.015557
0.291771
-0.375162
-0.805933
-0.525757
0.996749
-0.457543
0.596413
0.037777
0.929542
0.637964
0.463184
0.707101
0.954152
0.204496
-0.925489
-0.772766
-0.996507
-0.654545
-0.781603
-0.396805
-0.999998
0.907299
0.406226
-0.890100
-0.585311
0.975230
-0.626533
0.309221
0.963741
0.990065
-0.996523
-0.945163
-0.883303
0.511987
-0.986675
-0.949829
0.706858
0.999697
0.998665
0.965580
0.018906
-0.956479
0.930339
0.781495
-0.262662
-0.800583
-0.339032
0.400814
0.417693
0.094183
-0.999873
-0.804094
0.769567
0.214418
0.502580
-0.526593
-0.963340
0.473192
-0.444749
-0.949656
-0.714693
-0.529312
-0.208459
0.129348
-0.553702
0.050117
0.923644
0.999995
0.869709
0.996188
-0.896861
