0.000000
-0.013994
-0.050138
-0.314238
0.014387
0.835110
0.743764
1.279215
0.067722
-0.829826
-0.604503
-0.465645
-0.348242
-0.002023
0.100473
0.286742
-1.201251
-0.620312
-9.028643
-28.337747
-1.990023
-12.880536
1.203021
-0.907823
5.917584
1.768347
-27.552615
60.946322
-35.030422
5.758906
-13.405629
-1.365507
4.502305
-110.700251
12.002529
11.607226
30.130296
25.719265
32.188668
-2.872916
-46.025133
-105.065650
107.671131
-3.055458
487.217150
-31.796382
33.608762
-104.826203
25.493015
-0.113601
12.220423
46.008836
-40.004117
3.284584
54.803525
0.374436
-201.606276
-689.643681
-321.625666
0.408544
-84.750064
-264.875573
185.003581
19.997872
-172.821878
51.064750
49.217454
-5.762374
421.375834
-9.567778
58.415015
0.692252
-30.603424
-3.638965
-77.184766
-70.006416
0.833071
237.104139
-417.611694
78.333981
1300.009381
-478.924820
122.668058
-14.406565
21.998647
881.135061
-229.126095
367.866499
881.699891
-149.599426
112.127588
-23.312030
-294.492103
-1.699039
-16.109813
247.670771
-160.212679
-311.138922
124.387726
49.944173
-1.971696
-111.287583
-249.461545
763.838713
214.950953
-19.264352
1126.647727
-199.943101
-469.776939
-749.746715
201.594035
-229.087822
-114.419908
179.281215
941.945064
649.737905
308.194692
-160.892235
-171.332258
27.202625
36.224714
-53.705268
303.261311
456.563318
-66.338210
-879.773064
14.692924
-117.470926
416.662643
25.952495
2.025313
-2081.689997
-2130.776050
-545.059357
15.509750
-1024.662937
-14.194847
-1133.346966
-257.775185
-25.076555
-186.391149
-7.381477
-2107.763814
87.401450
605.388519
-16.676147
153.892408
613.110214
1215.949120
59.334585
-12.489810
5.067866
-78.624285
-453.940506
220.519305
-6.939359
81.679737
-851.562442
749.578742
22.074980
39.437324
338.205560
124.592936
117.511871
13.955667
-110.003913
-581.926496
-346.931793
-322.598015
79.798332
523.908141
-2418.162006
1633.029338
608.203130
100.749692
363.480381
12.771928
980.920815
-2272.826250
11.125190
-952.838515
-10389.342948
-2089.077626
-285.003406
-821.475567
-3250.289390
1389.885206
438.505017
-39.166469
-1412.288143
111.050740
40.039126
-0.539973
-51.292011
181.142527
39.883975
640.054628
1756.944475
-86.670433
-198.830417
81.769042
-331.114836
-1363.705250
779.681792
-9.993686
238.362735
-362.732624
691.406421
-2673.425057
40.968073
1751.458110
719.152910
-439.904172
-135.133378
2042.374886
554.224553
-1329.288036
6.420063
-847.988910
47.194684
-5067.764095
556.809342
-8.260784
-25.185997
-480.210942
-1118.357326
45.493607
3126.345304
504.363118
-234.272815
-466.279867
2661.928438
1065.227574
-1780.942631
-74.551076
123.706185
-2.555814
-80.180312
-463.493714
2967.842145
-1223.553848
3939.068325
454.757285
-798.710664
2280.607026
-83.008354
609.842308
-971.889090
226.392774
1306.622293
2326.917169
-473.611115
3401.277263
-3139.480408
-520.504759
-28.451314
6729.941039
-895.642210
316.417455
766.621045
-10.729559
163.201199
-0.001270
720.812718
74.224423
383.879605
-270.836601
-437.834426
-93.390876
-6076.161975
1154.176410
-228.799228
-12.233921
3153.510459
4759.721602
4196.935950
-974.188107
-1316.849943
-77.473604
-1266.250395
-3313.257317
6718.774502
1850.241167
6164.500231
-1312.881721
692.147943
-3795.814729
11279.901253
4128.923893
2.543958
3763.801389
-1306.899792
2025.674265
-102.288616
-102.364448
-164.686697
-1151.014299
411.837083
349.489101
-205.845173
-7.637881
-1504.937392
-5240.038730
811.142475
-836.732687
3866.650511
-682.031253
-1257.172668
4312.705579
849.675047
-6145.737613
184.469950
-19.864450
-137.870174
-537.318702
-2722.744148
3702.436712
1268.043355
857.192872
-269.954962
203.961052
26498.634669
2394.669819
-11581.164629
-333.110201
-112.077283
-5455.135689
269.180197
-96.781741
1380.518408
54.018686
-7252.589701
8.197984
-1899.604946
-2001.224849
-6378.086592
17587.085043
-172.299644
187.865558
2472.174654
-21.687603
5053.141611
-48.538774
-9908.298814
898.677206
5726.882810
1483.612948
-598.670265
1763.475288
-6299.698149
-4668.531169
-2787.462068
1199.529480
99.523064
-16993.140762
17968.066875
7529.543267
6110.804484
1387.461828
-48465.353339
-101.916444
-5551.347229
1391.509597
-11308.005382
169.341333
20690.811599
-3328.669223
3025.569729
1866.863872
327.872087
354.545029
857.653058
-14418.038456
8728.950496
56.297041
-9071.694543
540.358353
7344.977207
4.927554
39.810256
-596.224137
2084.533122
1954.782323
4224.436088
3128.269933
-3.190426
1159.236698
-3144.477369
729.437496
2669.199353
-74.602098
1707.975544
-6627.538037
1239.734708
10.931524
-1069.685034
-164.790625
-14585.188742
-97.665492
15012.405088
7.400303
-854.634552
-869.746980
-4146.450683
186.655173
6945.875788
10871.632582
-13486.478300
713.472917
-104.461318
-24823.794100
1483.075453
-3922.834677
-933.666619
-16007.629267
-2790.691768
483.899127
-3658.511015
-5950.862591
-1473.548394
-2725.892954
3107.416641
154.125943
690.509470
4680.109006
-6831.649028
73.090761
7895.595964
-30460.386824
-1306.613437
1909.116506
175.765671
-12618.571801
-331.138734
-7838.642088
3143.936604
18579.692958
7339.425136
42500.653428
-109.668933
6166.728966
18162.142131
-441.196705
160.687704
-163.073655
79.175296
427.160520
-15631.636866
2226.916072
-3475.212980
-809.003631
-14478.197260
1522.272024
30830.147705
15783.433115
3516.449549
151.429968
18758.539887
-0.798309
585.135459
7103.126917
739.398607
-18728.158828
-5602.188445
-5039.615222
15597.422254
-12158.568984
2925.734510
5615.105696
-4702.081038
-14329.120103
160.594549
-5637.464057
-8640.126593
-2858.707427
11437.616438
1640.560802
-15.592821
-7108.650308
-2524.398944
1747.556282
3709.543262
12006.670494
439.255117
-2799.430869
-1441.764787
-3347.889890
3.537571
-338.504136
-744.903251
10275.372734
2.413134
21339.168222
-2948.934153
-4400.266513
1349.845646
571.480092
-5683.034067
2552.637119
-17905.769663
38480.664918
507.766467
8601.772051
-16850.037175
-25.613282
-115.650556
1995.432907
50434.607440
10335.877063
1411.655361
-2274.077316
-11650.757754
-609.873111
4398.739877
25792.871036
7246.816848
304.497485
-25079.141805
-14704.209468
1449.015552
44.281789
-4513.736629
4406.290831
-32.103731
1823.759933
-48.459720
2028.260268
-225.121675
11687.858976
245.499752
-992.316989
2109.977044
-614.742783
7.897146
-7596.168178
136.301244
-31.121380
-166.852257
1022.788985
-5087.795792
-14605.314771
-33181.842435
-584.191734
-30778.685065
-11623.738328
41.309396
282.763174
-64923.168731
200.236236
-17300.411487
2006.400255
671.220683
-144.658120
1640.011033
-1184.429741
-67.762337
85.650292
-2117.143090
9556.008764
-86817.863859
3657.417483
13779.334139
-1430.207236
2267.555783
1541.187512
-9694.096331
-666.198135
13424.729182
-3881.326117
-25701.764239
288.821773
8836.462420
-23927.345842
-19332.348409
1284.088139
-4027.467336
-59.211068
5499.307701
554.400377
-1377.428994
5947.487456
-1432.777289
-543.051148
7747.985088
618.006773
24290.709963
6483.866892
-8663.426521
-39994.562597
37324.653409
607.729215
716.296909
710.365278
-2032.515041
-4887.807008
5251.477775
-106.256817
-1717.512434
1461.150161
1738.823387
-6677.805113
11605.756846
1594.721850
-183.287454
742.193496
-20151.390213
-369.180734
1386.743657
-1678.407623
-69.348369
2846.408015
2497.651354
217.177396
9830.033514
-2316.385329
-3848.273453
1387.583840
234.117092
-1701.183320
1379.368645
12525.330489
-12174.257463
-2841.485333
25686.500787
-26816.146480
680.143854
443.464097
4441.730800
14861.636628
-2370.320883
1188.626192
-930.664017
10071.503388
41531.216581
227.959410
8731.244207
42.214708
25628.164104
9488.442984
-235.660209
-11085.544463
5889.634911
-4049.306414
-16188.246092
-948.330498
369.465605
-6317.073616
-52567.173022
28.345267
-4346.917191
1989.897992
8581.998943
46141.320499
22087.914119
-4256.745504
-2857.122134
-8734.169011
-22966.801729
19713.042762
-1029.653196
-2858.889312
2121.368932
-170162.075738
-5846.908224
-26787.243126
10980.100498
2942.716421
358.715216
-10988.901733
-41340.678996
-4521.547492
6042.860379
-51650.689406
1929.867587
59321.953982
-4211.840731
986.498450
5286.343503
-92565.679316
9581.831193
19201.525691
1563.759003
-18153.046087
-11156.223270
69871.455096
-7361.169139
1985.134708
8165.334774
3320.928363
-49.096763
-36636.799362
146.777708
44585.574252
-6395.656203
-190322.466447
758.214264
-10024.108481
-8.998741
-5517.273168
-7575.390281
688.098161
-18564.451526
690.536193
-1161.923159
5545.384633
-8576.163296
33179.043962
406.251014
-6421.782104
-32793.593575
-3779.401616
1011.555619
-78194.622326
327.002645
16113.184353
-20533.638506
2166.305546
-508.699809
4455.769672
7212.751639
-13338.792544
1989.531335
2864.469547
200.863462
-17707.254310
6369.564437
-125.680257
20.780668
23.795615
8153.381711
54453.581924
24830.411692
49280.439555
-10129.702265
178.772783
5736.798069
-39133.769006
1706.553024
-1633.538288
157.544263
-6549.501314
-16468.454618
-1249.190748
-3803.254090
-451.589234
12034.336819
3913.836098
-1929.677010
115.801895
177949.494088
1029.243631
285.548243
115.413226
-4457.913873
-1026.998393
2739.117899
1062.197326
-551.127542
-39056.055301
709.153345
264.170956
19552.446433
2995.466712
-89113.335468
6.339002
-31781.827341
1243.506745
-41232.626406
2054.356980
26540.440139
-8831.707562
61080.098821
-25397.450048
2113.421978
821.503224
-279.256140
-5632.003815
-12271.047292
3068.935577
-3904.640301
-1291.156986
6443.809042
-8012.053847
486.137776
-52431.483976
28728.200691
2600.491041
3987.008455
-1930.907693
-1464.454378
-18836.789555
77.572521
-15394.522284
-8643.818869
2983.790884
25317.484174
-8479.695893
416.146939
10691.974243
-327.301180
1100.196318
-71784.534872
3654.762706
10643.935608
-58571.775950
5905.801561
-35.074236
12942.854844
38290.301839
16280.868026
-44.301039
-180.113029
25325.192262
625.508257
-1790.946564
32549.922219
19816.169611
-2981.950590
21525.608261
17233.298414
7100.113463
-637.350937
-59.491654
-10935.090230
-44552.899907
-20772.898408
521.670135
-2424.092387
-17041.734166
-13394.091308
6030.748709
-106.649053
-45138.175342
-5702.478747
96433.875185
695.986589
-12672.379085
-7225.039025
-36.794322
19606.485275
-9883.131917
-18313.344058
2968.795126
11154.374955
68.318553
-1029.683670
-3197.992312
-40025.724892
-16704.373444
-2550.149142
323.402191
-3162.997151
52893.470781
2654.273339
233.742694
29491.586875
-57972.861866
138.791318
-9604.721683
-401.470018
-9288.753358
5139.102212
32625.884726
-2785.929299
10569.686647
-963.710796
-99601.237935
308.734106
474.285369
1667.424864
-1615.721046
5332.979305
56549.534543
27624.816406
-38768.079150
-13158.730222
-6994.139344
278.343189
-10583.242595
90776.396120
1556.595091
670.465227
-65132.567971
-4443.790907
-42427.597898
27579.609263
519.507931
24144.650741
47056.252029
-394.900255
1292.008384
-29842.915526
-901.585483
-7517.883734
83.101982
7529.381178
-30770.179893
3381.812678
80742.959513
11945.853835
16167.218425
-12603.611187
-31859.234661
25789.648562
933.288082
-12187.795371
-35095.779860
4735.732930
-57914.283821
-5038.709535
5201.922046
16458.118064
-61801.342249
-122.196698
-283.092603
-339.058365
-286.388796
-22975.921260
-2851.711850
5760.846753
-56.751218
-5067.621428
67002.819311
-46724.296031
-3742.490012
25253.148212
24895.584533
-46216.169628
-23527.894832
-16714.440648
40720.827438
8127.138679
53767.785678
2117.069111
6762.172339
-161760.013524
2662.882400
-5.934570
4212.492594
-6588.817066
-38206.707664
82628.922443
72651.682708
-95914.973706
-84330.097870
37705.652237
13671.531851
-7.327671
-23808.035806
43565.455288
1030.014532
-21919.247770
-19823.676013
-3249.681330
37.447032
-39904.641843
-71249.448876
-3211.432194
9633.572274
37601.937766
-10373.456933
-14644.760530
-32571.475516
-26870.684189
-7667.618854
-3.925951
-2317.237884
12747.446579
9463.505713
858.001203
2480.080131
-21352.224174
-95983.326058
2577.908484
-114919.148835
162445.014117
-27594.788223
-1173.484437
920.784617
-10654.034044
-19501.814909
-12791.793325
119842.496553
-107318.148936
-45433.042500
736.734540
1948.135624
3729.755556
-54011.776546
-1765.145309
-28426.553813
11961.932470
-18497.079713
17583.497996
-32300.413645
54687.746432
113.075716
-3566.270667
-901.497423
1855.979555
-8504.362557
-51.978789
-490.122790
-6051.121434
58355.159688
32483.666354
1466.964248
-38544.760771
-9393.893378
21204.571666
4616.163528
17560.470852
-4429.817727
9401.966089
198747.489886
8811.964178
-1052.782499
17236.533756
-6722.905470
-230875.288581
34258.024985
-1889.428424
1769.839689
-111709.870152
