0.000000
0.034156
0.057893
0.026158
-0.643019
0.002094
0.257027
0.002905
-0.086594
0.100505
0.294714
-6.255913
-1.036905
-0.660278
0.246194
0.065225
18.417715
2.392362
-4.621694
0.037374
-0.446855
8.407870
9.711730
-12.714952
-1.722788
0.020227
-135.773590
4.397734
0.488988
15.010300
53.599979
2.301309
-4.868927
-18.282316
-128.949936
2.145274
34.583172
-3.347704
28.579378
-12.485021
-112.362366
43.457001
0.678678
8.848773
-20.836580
-0.136956
19.121613
-0.198324
41.966694
13.487975
383.449066
1.979066
-56.227459
605.223145
-21.603947
-81.430588
161.981491
163.309021
79.104965
152.189377
-21.078810
0.561763
-88.244537
-13.848230
-17.410456
-284.158478
-216.666443
-59.534595
-26.699419
-92.234123
-32.288380
-5.370459
173.691315
-22.631773
-6.264748
-12.937801
728.707397
13.703398
1.365240
-10.635254
53.794846
36.426628
-319.875397
92.638947
19.395479
1.478620
355.191742
-100.959488
27.421711
-17.794569
-367.274414
540.952942
63.829735
-273.378479
0.049183
147.708801
88.458885
-824.893616
43.107143
126.910965
64.948341
78.963936
-89.369179
47.554329
71.052223
909.600464
2.632159
-141.047195
259.518311
-37.995033
-156.199554
238.244431
242.020889
-39.596142
32.920696
1212.612427
-167.095291
414.575653
-44.212360
-500.461456
-3.299438
408.148987
579.021179
84.130562
42.817429
-193.584961
25.373207
722.975952
-969.549133
226.133759
-728.920227
-1456.416504
-0.246313
196.189697
391.128143
17.312838
-1003.052429
-218.736099
38.719604
-1038.623901
-211.279663
-623.640930
114.684868
447.689636
296.140076
-682.800354
42.134201
-185.715012
-174.543915
758.084045
1182.538452
450.747131
38.299133
86.437492
1677.645386
5779.620117
41.938412
784.767090
-0.759333
-17.273546
2665.088135
4373.228027
-247.303467
-600.886719
-292.557953
-103.400375
615.130920
54.133450
128.734772
127.269547
-249.769699
-1745.861816
-527.648071
-52.293591
-94.451851
95.503914
-4960.468262
1043.012939
-119.596397
-2948.697266
1027.488525
-407.151306
2789.142090
-178.278900
-5101.653320
1297.387573
-3284.995117
-0.521707
-215.952179
1.797142
2.458496
-97.958199
-60.478172
-113.836876
-45.889347
-103.904785
125.237251
-353.136475
2037.391479
833.065674
-96.664253
463.437805
-2839.501953
163.471863
-3797.516113
28.797302
796.235840
3005.811523
-609.526794
273.375305
-912.328369
43.971531
769.420166
-157.346848
-61.804157
-1027.954468
239.406128
45.244026
362.786377
-349.566010
1668.395996
2239.065674
-1059.218262
-87.258568
-15.773606
-6780.310059
-57.773422
-545.744690
-1277.199219
-11270.526367
-584.210693
69.240273
1058.316895
5094.850098
-56.971336
-845.857361
-166.697113
39.437313
-100.641998
221.919327
6771.254883
190.753326
-604.186707
13154.090820
-1151.164429
-8918.871094
-13.337785
-4420.625000
-71.519691
523.127319
-110.547661
1769.585815
-534.380554
-6411.764160
147.315659
-66.118668
466.398529
-1450.146851
-15.868355
64.051361
-441.573975
-450.702728
3554.641113
-513.102112
250.577316
-55.731285
-170.711319
42.352909
-1328.961304
398.118317
101.804207
-1889.370972
-430.503876
-624.931885
106.522034
1869.418579
-231.304153
909.616516
-879.463806
-259.106628
-11575.120117
-888.966919
-10254.872070
480.382019
-5272.611328
2036.338501
-138.609436
-202.936157
2355.953613
2118.239990
-479.244019
-1990.740967
1533.722534
-6805.223633
381.172821
4634.497070
9849.262695
-136.557251
-2435.776367
-461.470306
-6389.304688
-416.894012
-11023.955078
6.308029
-598.428772
-4787.367676
-17206.017578
-1851.267334
7806.723145
-5444.620117
7883.469727
127.383881
-13900.088867
761.263977
0.333649
246.857513
-15.505634
57.041550
100.491669
-3531.547852
-1043.149048
-131.304092
6391.280273
657.506287
-98.435791
-147.252747
-847.383972
-1571.761230
1689.229492
2048.340576
1098.366943
-9129.504883
547.277771
1490.126587
-449.934784
134.906891
1.917980
37.041039
-10431.692383
-27.380272
-5166.051758
-2119.446045
259.834625
108.305405
-66.057312
123.054314
-481.623016
-231.278717
-1756.455811
-2902.125977
-338.473267
5785.986328
-3581.542480
1454.027832
1058.114746
-5138.123535
2143.143799
10483.343750
-1842.108032
-25.228296
-2186.401611
2194.780273
903.453064
10166.358398
-184.668610
10745.765625
125.554298
9322.085938
37.296436
-3638.676758
-4533.815430
-1265.637695
-858.881836
-4704.579590
990.236511
534.355225
-4135.409668
1342.812744
22524.218750
-2954.506592
24582.447266
7574.046387
30390.177734
-278.938843
8364.461914
25613.074219
98.919365
5960.685547
-654.331238
-1109.914673
-3538.693359
-46.256802
22881.894531
12378.854492
-2.998669
63.788788
-561.512512
5420.078613
455.310852
-2377.349854
438.295349
-11631.590820
-80.438934
602.372620
19435.117188
9925.301758
747.170471
-2400.865479
3535.662354
11354.950195
-901.494385
-2328.762207
-55.232487
-624.730835
-4592.920898
-5076.477051
3681.427490
5374.525879
239.490189
92.966728
-2292.458496
-296.476776
16396.082031
-34.900215
4280.067383
0.317982
-2.531294
88.691734
-6759.685547
-5876.073242
-2250.451416
-25675.658203
240.934616
-1048.959351
8.630704
3.796237
3601.593994
9094.474609
-1056.031860
26251.595703
2784.865723
6213.758301
1242.198486
3241.579346
5832.239258
1951.985718
2516.466309
-1302.545654
5576.345215
4514.286621
4981.995605
-6592.138672
1406.357788
83.177162
-18694.388672
23207.103516
9501.180664
6196.462402
44.933949
6229.994141
6524.682617
959.587952
363.054321
5539.548828
11.515280
-34784.992188
-7960.979980
-5850.842773
3072.862061
-4917.869629
-3082.139648
-12771.614258
-9329.487305
5699.511719
249.303177
-33.345795
857.943665
837.710815
841.620117
-1572.471924
993.085327
-2322.873779
15946.987305
4983.997559
-10921.023438
-4596.724121
-10736.372070
-276.854370
1930.302124
-7774.402344
-4724.863770
-42.830833
2.167994
-404.206787
-2571.444336
-15009.865234
72.273994
15887.860352
-33453.613281
2940.651855
432.696533
7766.739258
-1429.973755
3727.069336
1394.216187
4873.235352
-634.638123
10247.758789
-537.857605
773.248901
389.562103
79.816406
-34037.527344
-4703.251953
1413.735107
769.600586
-20441.578125
-612.153564
30134.322266
-3183.746826
-396.334381
5817.280273
138.924927
2796.863525
-4830.074219
-287.110779
-38572.511719
12421.546875
1947.380249
2726.885010
49.881607
-16367.656250
-531.146912
-2557.350830
2807.370850
23759.193359
24505.994141
-1763.267578
-14303.796875
405.951050
4948.993652
8914.680664
-14814.303711
132.108093
-397.875183
2086.146973
21756.917969
12384.502930
3826.068848
-7386.693359
4046.381104
-11351.449219
-8310.943359
-276.442017
5366.041016
4529.015625
-56860.398438
-2830.389893
14058.196289
40.604954
-20488.011719
12.803337
-11019.959961
-61.329643
167.143799
-1501.606323
-10.126417
-12285.842773
-7608.715820
6981.769531
-20759.423828
377.884644
40818.566406
3581.424805
-23354.960938
2405.449951
-137.906158
-8449.775391
-25.720041
3196.950439
45359.539062
-22385.449219
13809.278320
3733.494873
17471.365234
-1547.740112
6923.802246
-28990.150391
-15887.774414
-1003.642517
-3454.200928
1862.851318
4635.966309
5121.866699
-39.966202
-11050.835938
-3799.331787
20.978872
40902.562500
-28878.382812
1707.617432
1074.207886
1115.891113
3315.295898
9874.460938
25470.070312
-23885.445312
-15684.322266
2396.181885
10325.583008
31956.175781
8822.786133
-3341.561523
-694.592041
25771.125000
4401.391602
160.052261
2914.942383
-446.709869
-6058.495605
19484.677734
-946.501099
14938.690430
11084.369141
-2985.096191
7328.000000
1183.637451
5457.990234
31126.537109
3387.690674
-17712.244141
-750.455444
-8423.035156
-1432.636719
20633.996094
-129.986359
7184.533691
6838.841797
-41307.886719
12807.415039
19551.062500
-11285.289062
182.915054
73.105263
-25.817463
19875.675781
-27446.603516
4671.880859
-11145.225586
3777.954834
-59285.562500
984.794250
11.597590
5274.187012
-9693.791992
-31394.296875
4644.806152
10887.262695
-66.106560
-13944.569336
19670.435547
-6451.788086
-43.934593
1274.081543
-1644.684204
54247.601562
-1077.190430
-23626.345703
44.212780
13996.597656
4991.431152
5820.179688
87284.820312
24639.593750
-852.857361
-19993.878906
47.073555
-26.423759
-23620.476562
4412.122559
-6185.995117
17538.792969
-17817.857422
-31270.636719
-24915.226562
-46045.906250
-10187.417969
-11185.379883
-3007.104736
9255.785156
2399.377197
-8644.455078
-76758.218750
3944.854248
-46295.914062
708.688110
-10043.222656
4942.376953
1842.615601
5386.773438
-6917.819824
480.835022
-1104.934448
783.368347
495.151794
8989.888672
136.894608
33782.835938
55.724644
4971.330566
-3837.720459
-32079.093750
-3316.181641
83998.242188
-6008.256836
13484.740234
-57069.839844
-2840.347168
-2912.683838
61998.945312
13394.127930
-39.421753
311.623718
-4141.051758
-14656.425781
-840.981812
1144.258911
26869.929688
11135.946289
10157.669922
-3905.770752
194.065308
-2223.496094
-18030.013672
4.221611
-6926.615234
-27.372963
-104.438393
7503.025391
3767.909180
-6014.557617
7410.535645
-3484.354004
39241.464844
62619.585938
-8934.311523
-8268.563477
-2941.157959
-1894.277100
-2433.760498
-6706.625000
23327.039062
-59970.191406
-1.158744
2153.750732
7712.881836
3403.651123
-101709.265625
1026.846802
380.600494
-61128.703125
-29463.673828
-15802.818359
-29581.402344
-582.238770
-8134.968750
10895.689453
-5446.545898
27468.876953
-20566.222656
2165.763916
18410.562500
-55065.597656
-47356.000000
2660.155518
-41372.621094
-23380.710938
-3677.109619
6395.335938
16107.380859
14550.575195
12854.912109
7.610580
669.243896
-20834.369141
12150.202148
-4132.191895
-142802.546875
14459.721680
-19076.222656
-6213.639160
-76661.781250
-7556.230957
1571.339966
-1444.418457
-253.467850
661.755127
919.111755
-14758.460938
-49050.625000
5919.613770
4755.096191
-212.427811
2798.327393
1361.884033
-728.403259
-43268.941406
-1766.615967
-2179.257812
11526.413086
-4752.997559
1378.237427
403.853424
221.797729
-25554.568359
31418.279297
-53.100182
1365.490845
-18903.714844
-3617.712158
-21824.218750
-15155.470703
-2015.337524
58.436234
-34086.113281
-3585.614990
42.378323
3049.153564
12388.932617
-269.097290
6368.771484
4287.318359
-1132.539429
-2655.643066
63206.312500
-66328.929688
-76322.148438
-914.270569
9214.187500
-2664.413086
8097.133301
-349.177277
-2350.806396
32745.212891
-2557.890869
-1795.507324
-7568.642090
1354.582397
3635.365234
10153.863281
-139471.625000
-147543.140625
-45005.007812
-10061.232422
53259.898438
19753.925781
-1669.059814
8.917399
225.967361
-17592.425781
-949.381165
-30237.597656
47941.656250
-21132.818359
2711.787598
-2466.660156
108.307289
104371.140625
44467.660156
-34850.914062
5426.623535
653.733887
83573.171875
-9379.625977
53171.746094
-25980.148438
-13414.453125
34261.558594
591.397095
23594.761719
-168.083771
32071.728516
1093.578735
-68016.945312
21283.798828
-7836.249512
206.516876
4632.868652
-3899.409668
1017.568115
-1105.015259
-10198.920898
15910.888672
-6392.516602
19424.873047
499.444519
-3.582895
-186350.703125
51724.023438
97378.343750
-11292.303711
-71.507149
50726.367188
442.448669
-4655.318359
-10199.653320
-5331.831543
21647.976562
-36748.207031
-14386.275391
-15187.308594
-6113.192871
-79699.437500
-36646.308594
4170.072266
-106049.960938
-12475.022461
4810.448242
2069.110352
-4205.687988
-663.478943
1095.927246
172.000946
1389.359985
23732.626953
-31542.990234
-101880.015625
29261.708984
55251.710938
20757.125000
1300.356079
-7029.588867
-139837.890625
-3322.394531
6099.740723
-55476.894531
-16083.191406
-10389.351562
-1597.783691
-13557.839844
-81.755188
-6946.465332
-4722.062012
-6336.079102
1103.543823
-15717.883789
3635.922363
1583.206177
-22715.923828
-4519.097656
-280.996704
-275.680511
1634.224609
-3728.945557
-35871.722656
27849.623047
14830.240234
22041.958984
-9234.659180
-37295.320312
157127.312500
18963.050781
-14295.789062
10911.676758
27.571957
183259.328125
-88545.289062
84379.921875
3822.153320
-5159.486328
-20.907022
64539.445312
-66574.398438
25181.025391
93.174660
-20272.693359
33062.429688
8208.841797
-118.266830
-13611.949219
-3061.019043
-1053.713379
-10587.720703
-5398.177246
1338.507812
4429.239258
-13685.795898
-49833.000000
-15240.665039
-125.864845
1120.981934
5860.394043
136613.500000
-609.353821
12065.060547
-217609.890625
-8566.846680
-410835.562500
-2847.132324
16625.162109
12009.333984
-6918.523926
137.063614
-4927.864746
-611.787781
94705.015625
72573.531250
-522.949463
-6743.103516
-6324.281738
5854.004883
94027.976562
826.890930
2495.199707
45516.109375
19949.277344
-5125.699707
-95456.304688
-33845.003906
39282.558594
2274.053711
-185945.734375
4812.328125
40183.265625
0.000000
