-0.000000
0.484401
-0.421974
-0.048134
-1.190703
0.042875
-0.551495
4.171670
-1.069524
-1.006766
1.240820
1.750218
-9.127140
3.467166
3.577506
-0.889952
0.182345
0.651411
-1.930205
-3.608668
6.383049
-5.389068
-2.711987
-3.321955
13.814878
17.016183
12.332310
8.225737
2.658507
-0.891737
-14.693468
2.373226
-6.327916
-11.874268
-16.254562
-5.137800
0.632631
3.338756
-0.781178
-0.728953
-1.665923
-2.546101
-14.252022
-13.816957
-11.271992
0.622423
-13.248669
-11.749966
12.241993
2.365341
-2.464510
0.150918
-7.282822
-15.242805
25.335453
5.786906
8.653444
9.963632
-0.942934
-3.296476
3.051735
-10.869644
3.627764
25.884999
4.791181
1.214370
1.120320
-29.034006
-21.770502
-9.061213
-30.160160
6.672106
-9.544751
-26.075602
-14.400713
22.286546
-10.831311
-13.204045
-4.760861
-37.996868
-3.380885
-13.442033
12.309269
-21.763122
24.541016
-5.475649
-14.296943
-0.861621
16.555063
1.998695
-8.806922
-26.385313
-0.703456
-14.250817
-1.167846
-12.659544
54.157499
15.592216
-36.108787
1.441778
-30.985083
-12.135825
0.764227
-14.629078
-1.406795
10.199607
32.643798
0.555564
0.700331
-1.028607
-15.232449
-28.854076
-32.401831
27.685025
-9.080241
0.355835
-0.376811
-12.821316
-8.801853
11.279498
6.046593
-0.958416
-13.080368
-8.642630
33.872493
-9.761083
-30.798394
6.850314
4.518227
21.922379
20.660283
-20.926365
18.699955
-30.888610
22.632650
-0.596129
85.135020
-44.411864
8.418913
24.501579
76.984934
30.059718
-46.255361
-49.624384
-13.778460
23.151794
-42.638738
-8.454483
1.276788
78.474388
-26.456393
-31.681844
3.064387
-8.108269
19.489070
-16.057479
-5.938882
-0.043807
26.211261
-12.786362
43.527147
9.784888
-34.931063
86.055998
-4.826792
-35.460559
10.412334
10.690899
-26.892331
93.456404
-18.975784
75.869476
23.760567
-17.638207
-7.902358
-48.549799
-0.203535
-10.206280
-6.834362
19.734027
93.228569
-23.950172
-17.380506
-119.981717
0.381514
1.570238
-8.633337
-40.386417
-8.037119
0.173882
27.349565
0.915690
20.227251
-12.757132
56.730375
-38.055963
-3.934356
-25.758097
62.449196
-30.033349
-60.103867
12.070655
-41.588566
-11.134299
29.779827
-7.028861
93.614380
-10.962246
-3.809276
47.448885
-15.933385
-55.316242
4.522129
13.168524
7.672499
-27.976801
26.025358
3.185537
8.479131
-15.405261
-12.414135
5.143139
-8.131941
30.309014
-62.926935
12.437063
-10.479352
-37.247339
-0.999324
-54.888930
-0.931946
18.535315
8.388026
-0.911445
-30.756066
-141.029109
1.543561
-72.542709
-63.949379
-27.144599
-16.753323
30.725119
68.371592
0.034496
-2.115538
-60.478949
10.857897
-3.878950
-11.477914
8.890607
47.820550
-35.504995
19.807106
19.041683
15.618590
48.062186
73.829282
130.585824
-24.127707
5.086445
-4.468750
-72.403392
29.128396
34.063627
-63.226387
-84.656724
16.959841
55.381375
-149.177242
3.850991
22.799939
3.645102
11.782047
-18.842781
-3.740413
49.307341
3.986053
1.266986
-24.178592
-31.825192
150.237826
134.712434
-59.416778
73.873238
158.372555
-57.402739
-46.077928
47.700256
-78.618966
-90.449053
-15.116177
8.294153
51.309161
-27.450140
-55.844770
13.676902
18.891423
-15.122262
-0.418498
-0.291681
-38.034268
-33.712648
-28.394733
93.268889
-95.958700
5.557576
2.382896
-11.282524
2.888024
5.515713
156.816702
13.340830
15.886491
46.793087
29.096989
20.591386
-36.070683
115.778816
82.624458
-53.498286
-12.615877
42.256265
22.694726
-22.217903
91.318177
-3.167535
65.788300
10.199140
13.034253
2.244020
-9.017388
-0.782883
-27.936499
-128.270525
15.108014
73.997178
-3.595547
87.505193
-58.027377
4.961375
29.472088
8.228872
-0.070617
-7.761587
-32.627165
-66.894889
212.631100
119.906520
-62.475224
14.187624
-127.115859
-63.665545
5.091824
-25.814275
-60.720961
-1.458972
-20.263668
-29.832694
64.052476
-1.026892
13.933248
9.207513
-251.310893
-10.284093
-151.199908
61.754729
9.132560
73.106047
-10.331413
-9.098639
29.879528
8.894806
235.184769
-199.689363
98.914138
38.011634
-22.537949
-61.218143
9.259533
78.269689
-36.022856
2.901417
122.926559
5.301002
-108.081510
267.511614
-144.727589
-223.990917
-143.599017
45.593423
178.282746
124.969085
-172.201992
-19.355311
37.398923
40.830740
14.544540
1.279602
-86.150807
-203.681584
200.767914
-55.860946
-65.701644
-100.184924
-102.165598
-14.591568
94.706892
195.010394
-25.322838
-13.111398
-5.757426
116.145203
35.949921
10.138891
16.004113
-80.887708
-4.267974
27.524821
-23.383287
34.863187
77.314565
-68.560629
193.742047
-2.088046
12.507235
37.379532
64.385204
46.070912
2.486914
-170.546743
3.283841
179.981878
81.248393
-66.321759
-162.998955
61.642063
68.363310
117.700491
-2.835199
120.031435
62.782501
20.882642
-37.681893
-165.049967
-5.664855
34.028407
-50.412375
85.249222
28.153303
1.813898
-44.013756
-63.756005
6.150113
84.160948
20.656994
183.197133
125.987642
53.610151
13.046007
35.778841
-103.741771
211.691361
-96.978746
114.288133
-131.037381
164.536544
-48.751049
318.583916
282.818142
-125.708797
-176.442398
-9.032380
-36.724489
-69.314204
328.215261
-31.568285
23.377992
-207.891055
-2.506355
-233.882781
55.156252
-194.048139
-63.668499
1.018177
1.926897
-80.557091
-75.773388
-168.322053
85.973669
-102.499247
-144.821393
-38.653105
-11.370547
3.859820
-73.538395
-30.814551
5.385720
-167.249299
-26.813845
2.333246
-7.809869
-58.882147
-151.502821
-34.664207
17.936545
299.332422
19.205149
176.708229
228.869652
-4.326629
110.523172
-11.194756
-247.543523
-86.920832
-7.102085
10.442768
39.119317
54.716035
328.851767
-292.001291
-33.770386
-118.246796
-47.741457
48.145670
40.736730
-4.840933
135.047879
137.155016
47.494982
-3.866458
138.968099
-35.558813
-71.446536
1.900937
-32.183359
-99.978354
28.410899
3.426687
83.606003
-7.916132
270.333362
243.224055
25.549309
1.936744
-191.223289
66.174638
67.223778
73.321267
135.751600
-218.113868
-99.005759
72.031752
150.635507
-0.127224
31.700427
-62.115628
-298.799593
116.055317
-196.693523
2.656709
43.646978
-291.190781
158.934243
-57.038571
-40.532848
-61.824367
47.499950
-61.694688
-43.716299
-217.623087
128.199052
-1.824780
-76.320251
88.148848
129.844708
117.126002
22.945591
252.957735
291.870869
106.506241
21.529540
-6.332841
-22.579306
180.059197
2.523174
-260.632654
-59.035758
84.494150
220.996646
-153.141356
-98.720915
30.267421
-46.525657
52.675953
2.193160
34.351552
-250.744841
-205.960816
11.149757
70.287733
175.549743
-98.060691
-47.405407
-48.759411
-155.068100
-30.196327
-233.190341
51.712499
49.953967
-20.705560
-104.015923
32.688700
-25.476328
94.073563
12.946898
45.190616
13.145814
1.431928
-294.931920
-9.577926
29.847840
62.259675
118.816026
58.088934
-228.070898
133.975348
-247.503605
-31.858344
-335.247143
0.707870
159.455473
176.869005
-48.093296
0.260900
166.740693
-65.319519
-18.004530
-147.120009
5.143463
356.998443
22.860229
4.056177
108.673213
226.101328
-46.556904
-320.650212
60.545165
-213.503293
-13.403534
-31.134674
-5.014781
326.824121
123.992058
125.533969
97.194829
95.387167
-100.276736
175.845609
266.283140
0.137529
-138.558321
-332.261816
-31.140257
3.518540
143.905860
39.251060
-5.341665
-4.346820
-228.600924
2.981958
-50.602533
-10.867842
1.003035
90.415088
36.263181
-45.598166
-108.794701
-15.720445
-81.403566
76.832222
-35.256215
27.628320
-4.809101
-171.713558
-16.696044
61.035647
-2.388005
-45.734567
-66.443717
27.298573
116.397048
-152.360445
-89.193711
-9.799942
-57.831189
272.663158
-163.540824
7.744011
29.340887
-341.166025
-0.064430
111.022662
-124.182835
44.141058
-141.344365
-316.688058
57.813362
-94.803547
153.413277
-59.231775
-486.474522
-196.720566
-45.207474
-52.386637
310.913301
-26.406609
-40.515121
-49.953123
-127.751952
153.870124
-80.764206
37.456602
56.648598
31.041181
95.430865
-232.450036
16.922852
-475.997877
-0.751081
-19.933197
-267.172937
-8.697468
-113.658920
-238.443916
-261.903509
95.105524
-42.405570
-112.112600
-72.953133
39.623643
-181.088676
64.910659
126.393989
54.662542
263.529316
25.407292
-194.314576
52.039645
157.106048
-207.617063
25.028372
-106.840450
28.732107
-35.590402
-234.589712
-42.802050
457.006322
238.380666
238.649060
17.960078
13.401082
17.802062
-3.532891
200.886893
148.390374
-216.605149
-217.231370
-149.900430
-62.580081
184.935084
390.107373
32.899760
-86.082601
-8.383489
61.013592
34.789058
-167.538100
-276.706672
367.804548
-53.477343
-169.553327
10.370255
-265.468366
-307.753671
200.050263
-136.432543
-75.410162
-456.759673
35.579828
-6.696444
30.264515
-154.149899
40.234548
250.959705
130.602377
141.280465
48.726080
-213.283709
103.339971
2.358004
-120.399834
-1.898697
155.665879
-328.093271
362.873243
-2.193767
-92.821567
-25.264017
-17.344935
276.570197
-145.124245
103.527930
9.422258
40.007763
-195.467756
15.006426
72.490867
113.450003
88.784925
17.221468
346.791074
72.122220
-17.378964
39.909525
39.416003
145.066491
-229.811454
-122.877766
11.212035
21.282322
46.272568
309.393243
-120.717287
40.263547
-94.973879
-88.989998
-1.692827
-1.694876
56.410971
244.152897
-114.520224
41.005683
-71.335657
-105.526031
-46.314118
-62.084209
25.893721
165.105290
70.950548
-143.330220
142.881202
-28.295966
-53.493256
-143.138342
-20.355114
33.113371
-14.509922
-4.581806
-31.072967
-139.664401
-8.214842
41.801067
-80.087232
-37.972963
-514.203481
330.914232
-60.751825
-14.285926
-236.099413
-52.963901
305.328431
-27.579663
-338.390391
84.405252
37.910415
284.076155
-167.491628
92.574093
546.733967
-273.003192
-214.443991
-13.234502
184.448369
-36.464691
476.275016
524.630753
152.307202
-0.675226
-73.309642
153.811708
-34.889761
6.817562
277.262550
22.330909
-22.705775
-22.685133
89.301363
207.193253
-175.957169
-172.708357
-191.470819
-99.489793
4.261845
23.960635
-51.837344
150.512002
283.690289
385.497429
-141.408133
50.468083
-343.106526
451.100116
212.691350
191.717039
-303.716957
-38.409918
228.817784
-242.884159
277.659042
234.350147
5.512885
-502.358596
29.824133
61.342452
191.006077
-362.379609
62.134054
87.496439
58.448601
-507.343836
87.084324
-172.062289
47.642014
299.984170
234.053125
-361.004497
-57.993156
160.379122
-285.176773
-377.830734
-52.075991
127.191256
-48.028262
-37.818354
-290.542546
-18.685935
-17.346835
-2.395969
-327.565534
-170.396254
31.984156
-87.853882
615.514217
22.154984
-348.450874
172.209548
-62.734781
267.859231
831.699950
-352.886941
-222.284676
-79.962675
-206.689099
174.810597
127.393788
56.580034
-6.150984
-65.585820
-343.841853
163.264802
167.256394
61.654081
-53.031004
2.445846
14.206021
105.006703
-40.252708
-660.295187
386.028705
-495.925866
19.005578
299.815043
-275.301448
-265.544849
2.035641
6.749509
-27.509517
-314.217846
127.057452
-70.291628
58.098051
-35.526223
-12.023953
335.880774
-36.433091
169.746538
143.228512
-20.237295
-30.807551
2.152062
11.098687
-466.607106
-461.881007
-396.641048
-201.061859
-195.378884
-256.895119
-71.128854
-36.296368
261.248123
-50.681351
-2.483397
353.950444
50.739636
5.212825
-220.138926
427.409217
-15.673901
120.022592
-86.944125
-173.824559
-105.063031
2.360771
-113.546571
