-0.000000
0.579575
-0.271542
-0.700188
0.362117
-0.106557
-0.638608
2.160304
-3.457528
0.154119
2.094388
1.616746
-9.623253
1.662005
2.043623
5.539378
1.453354
-2.735287
-6.253582
3.592128
6.510433
-5.145936
1.610431
-1.805992
11.524598
12.459635
34.474288
9.765857
3.894407
-9.125268
-13.905641
1.942011
-4.712490
-11.681398
-25.453399
0.875696
-11.054456
-0.514735
5.670718
-15.249896
-8.800717
-7.783653
-29.808390
-20.049703
-12.920817
1.575471
-4.270031
-18.498027
8.673981
9.430444
-4.040399
5.059951
-4.313175
-41.861116
17.684399
6.355686
10.580098
18.466199
-6.197739
-1.594940
-5.520153
-9.028559
2.931721
17.867906
16.029736
-2.211337
1.400062
-43.495318
-64.036316
-10.266791
-83.566346
4.950401
-5.709185
-12.498048
-14.037561
-9.102445
-10.604949
-12.128163
-3.599514
-31.017508
-3.415237
-16.960365
19.852086
-54.180459
21.143031
0.502648
-44.535750
-5.874402
17.736771
-0.200462
3.369380
-21.456183
-15.622174
-1.717971
0.680648
14.931176
54.877301
20.980111
-35.810550
18.627968
20.814926
-50.667923
11.739418
-14.461998
-8.295833
15.067504
-1.706238
-13.757731
51.865838
51.547632
31.259040
-34.230693
-35.898385
32.426400
-9.982216
-28.774582
-14.259158
-21.436528
-31.948531
-7.565590
6.207198
-2.314557
41.485726
-7.751656
-21.027018
-17.759065
-56.984257
1.160810
13.982855
40.600613
12.934628
-41.935609
57.291795
-44.427202
22.874874
-47.364052
95.313727
-117.879813
-107.962996
32.963044
161.953527
-30.800099
-52.654785
-18.256482
-33.339728
24.266145
-38.936683
10.992452
-3.959449
71.981951
82.011549
9.635177
9.361057
8.106424
35.372294
-64.771508
68.566672
-114.441721
4.785303
80.796260
49.706149
18.134072
31.693747
87.942414
-14.586465
-36.282560
40.221257
40.352860
8.325864
97.823195
-22.130808
86.444500
25.757505
11.420863
5.514894
-114.134743
-21.915363
20.170926
-16.168895
-63.900695
99.092265
-30.128718
-24.801661
-59.021035
8.913303
-79.342704
-57.295151
50.897991
4.585453
-11.297519
152.076004
95.107550
11.456480
77.045161
-22.080912
-94.942148
-27.191923
-39.036453
29.720809
-35.655089
-112.837676
22.196111
-126.283052
32.050643
54.144857
-54.829144
134.725487
-11.838877
98.789811
76.161343
-60.242934
-49.944945
1.141003
10.408500
31.523610
-102.435134
78.212845
-3.628721
129.917547
7.852353
17.418954
110.374761
-11.579518
-52.884082
-112.202334
20.221186
11.185713
-128.826869
27.041633
-171.302787
-5.657558
78.885746
-72.816473
-1.885746
-44.630249
-197.762810
84.142568
-109.135746
-69.211601
17.113498
-34.350434
34.448958
60.666399
21.535723
21.256730
-71.521198
-0.532472
74.091986
-13.886353
-4.942822
21.943782
-38.851850
-40.229781
92.017749
121.727428
-8.391493
120.090067
142.232642
-19.644677
14.670023
-3.447622
-41.997313
86.995841
88.535068
-105.280326
-28.207751
6.449281
60.022945
-151.062949
32.102081
-13.073856
47.609819
-54.587898
9.916045
-34.451806
126.436585
-5.202524
16.711481
10.373576
4.119343
234.881397
-18.481228
42.714316
81.056109
-39.492259
-49.533831
-14.658122
47.476139
-112.548470
-84.139408
95.178477
207.696227
-15.125539
-281.872482
-25.480106
14.222979
-1.797408
38.345955
78.636702
53.791876
66.247755
-21.493037
-6.293042
93.551705
29.407443
-29.985387
-109.462032
-19.949793
-97.296170
-4.518389
92.376877
-85.790204
36.358567
-61.518494
40.057688
53.713416
-41.674854
124.834518
57.484465
-38.498456
-119.750129
-163.543241
-1.131821
-13.403904
93.521948
113.377320
-96.971486
175.457064
180.632423
32.551691
-11.493713
20.577534
54.324141
-121.565828
82.685916
-84.760446
-4.909124
39.916747
-98.405962
-26.672015
8.406450
12.129690
21.914811
126.292321
-26.228696
-127.389695
207.970785
61.082526
36.611613
-39.263105
44.384416
-31.736802
2.363087
197.127521
84.712015
-28.480526
-51.386448
-8.570683
36.545658
56.037112
130.707500
31.188056
-237.514055
-187.992723
-127.926940
89.783015
26.536792
79.978537
-219.388952
-29.784717
2.765284
66.360274
219.278055
-183.532005
49.427098
56.140405
65.885585
-145.709924
25.599604
-51.401466
-130.348561
175.133473
140.528681
-122.867347
-82.551201
252.633725
-51.510995
-224.693141
-139.661181
45.221196
249.510415
130.723464
-76.599227
158.299389
3.285619
-42.441811
39.440563
-2.733859
-114.503235
-327.766259
289.305193
-57.130674
-13.258711
-163.928618
28.127984
-14.240998
97.722068
76.248304
5.108641
-90.757782
-127.857213
193.013039
122.391519
-149.799994
24.891389
-64.761570
58.512394
51.602919
-27.803312
82.285419
96.099571
-45.068794
261.435653
-59.390552
109.145814
31.984844
-21.933109
67.065870
-42.570152
-284.570719
-48.171891
-145.881955
-86.599866
-47.795706
-201.923630
-23.083310
221.385307
120.412282
188.376260
81.136202
197.633940
72.448802
39.436275
-188.377683
41.065245
139.577933
-39.140509
-31.483321
7.085602
24.178036
-30.324442
-67.157462
4.843946
72.050555
-43.053372
601.656641
303.029011
227.493975
7.529057
79.781496
-282.809991
195.499743
-88.455300
-1.413816
-36.986051
-86.142166
21.418035
476.747627
283.989799
-198.975469
-134.754576
-0.342434
-43.868171
-69.873260
333.816358
-67.551834
-5.851611
-213.405012
-70.805881
-437.422105
36.908054
-253.324918
-77.237298
-9.072432
122.673187
-192.554936
57.984647
-129.903747
75.210838
209.791279
-318.545610
-49.475925
-23.723906
104.196919
-38.808840
-185.618356
242.033512
-251.559597
-14.026472
2.020028
-24.356311
-81.707492
-29.044098
88.113030
50.968059
306.754807
9.176460
283.878798
318.317188
245.783726
307.417692
-68.412539
-327.234613
-48.117453
-64.134715
-109.563709
54.993410
41.321899
168.764300
-329.831570
160.136358
105.679011
-89.784705
-123.093255
249.972575
207.905172
173.676101
105.976057
-86.688723
-258.838180
79.446477
-110.088213
154.565717
76.888579
134.174509
-388.708289
-182.307074
-159.514018
141.800455
-442.735161
293.976073
221.306989
106.406669
-158.656495
-128.554047
175.550672
307.578858
-141.875984
-25.076715
-260.381391
-24.901870
-8.982486
161.594658
-197.927088
144.247845
-131.897942
-269.755155
-27.113100
-242.758792
-43.605107
22.696616
-153.878680
17.139085
43.760232
-246.140190
-166.822069
320.107963
-45.409889
47.122670
-216.903156
442.436918
-323.930505
-110.477103
128.813501
15.639515
216.579695
116.453136
296.567899
343.553921
74.450203
-44.757872
-6.190651
-70.286040
183.469294
0.271166
-186.808621
-198.606955
134.318184
113.740903
-310.835175
-202.477632
182.509736
-45.872388
31.012462
135.129815
241.348822
-457.711668
-205.834073
22.763780
44.026449
133.711161
-96.505807
-95.932546
-353.515690
-467.505843
-6.731655
-44.840579
42.552537
-15.962928
-215.854346
-121.430422
-33.427823
25.609241
4.810339
119.311200
229.041758
7.698298
-479.778895
-294.975180
1.083077
30.167490
47.279946
335.530834
152.815750
-24.614004
107.683759
-273.098597
-47.088489
-364.465948
-40.545973
423.558507
209.816120
-153.537800
-128.994174
475.755020
-385.601319
363.779846
-51.812713
5.455385
307.632509
-13.383174
-22.634258
114.644912
586.990981
-28.753988
-314.983826
118.214961
-259.871588
147.839966
34.988748
14.179859
347.574752
241.341270
-84.062680
-260.216319
124.676081
168.851424
57.150062
265.510460
-28.650953
-271.263273
-423.345800
-9.463931
43.498093
-31.985687
-21.931393
-246.640019
75.653715
-69.773710
-276.826526
-43.385739
-194.601113
261.083968
131.247161
-152.113866
-100.679049
-108.714100
69.630386
-39.203951
277.951303
-102.830487
143.792243
-172.982951
-168.476366
171.700136
12.167630
-85.360130
-24.798646
-359.242757
3.738314
147.484059
-167.436549
-60.068568
-128.196010
-352.140445
240.723222
-78.057292
-107.424519
-9.917652
-136.279997
-29.437996
238.039573
-219.640601
393.100269
-12.049590
-351.608147
51.005868
4.428954
196.563847
-113.555015
-486.582883
-161.657559
-304.947205
46.156169
317.985515
125.580541
-19.836428
-221.904310
-222.963133
146.656726
-125.940035
-11.408845
157.585236
-36.192042
287.525750
-148.782986
76.720715
-489.167422
61.389081
294.959587
-640.046255
-360.554643
-54.633757
-224.670258
-569.279990
95.797029
29.418861
-30.939991
281.229766
147.745408
-293.847421
79.099342
-299.746946
677.147089
136.103364
-81.670753
-139.955387
184.968762
121.402903
119.399233
163.747304
-89.670581
41.372537
-53.417198
-216.975156
14.574700
458.576382
-143.282421
310.066426
232.847936
-30.426502
27.123672
-32.461070
182.568470
199.002513
-405.008813
-322.019769
16.485911
43.843429
-257.463447
376.396693
46.878426
-299.185830
22.920818
-236.156913
-91.959462
-154.697935
-308.095507
371.332907
-297.430362
-36.139142
85.886171
-433.988182
-365.005779
223.451115
-135.983712
-76.116072
-217.495773
504.765456
-47.349875
-176.325367
-139.953353
179.560006
90.112500
339.749329
20.434740
455.964932
-427.402164
55.146415
164.224887
-229.185330
-155.790370
187.450810
-439.621959
486.117223
-11.414091
-315.834591
-144.777513
-365.710218
448.911895
-290.678528
278.193271
25.291353
-258.393146
-397.406218
-235.363858
77.326169
28.657852
91.217484
26.825803
513.575940
-657.910256
68.448084
10.942503
5.009819
466.145602
-6.173244
-176.341160
-5.135153
174.666305
-174.004232
157.384404
-248.690542
-11.210669
-153.643862
-421.590110
-4.092160
-79.696982
495.236293
302.892812
116.226628
-256.790301
-173.295744
-195.178828
-261.792571
207.156156
290.240945
-8.007624
465.186994
-268.210086
150.190130
91.217336
-83.725198
-88.952227
132.347988
-46.590810
-269.459388
521.039679
-28.491810
-197.115810
1.691156
135.052183
-13.465431
387.850855
-509.508374
582.532624
-80.855244
166.406225
-337.248334
-413.522885
204.913878
-38.138719
-379.639970
288.205706
190.997900
346.929479
-206.162469
456.633174
747.745875
-12.932916
-243.032052
487.317531
22.487144
151.070687
522.540243
142.804676
311.056283
-295.041660
-7.200491
640.419827
135.117793
208.120038
500.799622
60.148183
-235.521410
-137.879408
-444.075059
565.366158
133.462017
-602.076146
-259.743785
-104.513578
275.652908
212.194723
504.832952
252.472816
483.166359
815.206705
330.324353
147.781788
-332.555146
306.305888
204.650198
400.929885
-430.555388
-85.394161
209.330763
-113.570853
630.707548
283.096821
198.240971
-512.949283
227.701085
59.820301
-41.896254
-391.221934
304.504467
102.334270
148.810923
-503.173323
37.337567
403.157689
128.904335
357.813295
311.136416
-453.273595
-191.809855
357.628406
-431.340825
-415.515371
-70.991826
118.635908
-207.094642
246.950532
-261.923370
-15.415526
402.141129
-101.774658
-241.494527
351.015053
267.011016
-179.861302
562.768527
215.044678
-129.175657
-104.207907
134.491032
570.433048
759.121851
-669.171142
-74.942788
-186.026095
-399.516929
168.284907
262.717652
-28.392939
276.181549
60.147170
-323.733837
-229.923261
273.369617
-277.723456
199.848041
41.151998
-495.574077
140.867897
-71.588729
-1031.852204
723.621098
-796.248418
-90.997632
327.382758
-264.342852
-712.450358
-30.180658
77.175228
280.407641
-3.545161
-456.883256
-107.602845
282.462816
-590.145703
122.460813
-201.034669
-228.853989
18.181781
314.383494
217.440879
126.125807
245.418154
-245.292124
-492.182429
-447.831428
-832.027333
-138.210685
-426.595400
-116.377140
134.053756
175.896745
296.106449
165.790895
460.165839
363.621584
-50.713161
18.513457
-218.299333
306.837349
-453.576500
212.613350
-360.645649
28.214270
-142.108309
-31.404180
93.054107
