-0.000000
0.095174
0.150432
-0.652055
1.552820
-0.149432
-0.087113
-2.011366
-2.388004
1.160885
0.853568
-0.133472
-0.496113
-1.805161
-1.533883
6.429330
1.271009
-3.386698
-4.323377
7.200795
0.127384
0.243132
4.322418
1.515963
-2.290280
-4.556548
22.141978
1.540120
1.235899
-8.233531
0.787827
-0.431215
1.615426
0.192870
-9.198837
6.013496
-11.687087
-3.853491
6.451896
-14.520943
-7.134794
-5.237552
-15.556368
-6.232746
-1.648825
0.953048
8.978638
-6.748062
-3.568013
7.065103
-1.575888
4.909033
2.969647
-26.618311
-7.651054
0.568780
1.926654
8.502566
-5.254805
1.701536
-8.571889
1.841085
-0.696042
-8.017093
11.238555
-3.425707
0.279742
-14.461312
-42.265815
-1.205578
-53.406186
-1.721704
3.835566
13.577553
0.363152
-31.388990
0.226361
1.075882
1.161346
6.979360
-0.034352
-3.518332
7.542817
-32.417336
-3.397985
5.978298
-30.238807
-5.012782
1.181708
-2.199157
12.176302
4.929130
-14.918719
12.532845
1.848495
27.590719
0.719802
5.387894
0.298237
17.186191
51.800009
-38.532097
10.975191
0.167080
-6.889038
4.867896
-34.350036
-14.313295
51.165507
52.576239
46.491489
-5.376617
-3.496554
4.741376
-0.901976
-29.130418
-13.882347
-8.615212
-23.146679
-18.845089
0.160605
-1.356141
54.566094
0.890974
-54.899511
-7.997982
-26.185863
-5.689504
9.464628
18.678234
-7.725655
-21.009245
38.591840
-13.538592
0.242224
-46.767923
10.178707
-73.467950
-116.381909
8.461465
84.968593
-60.859818
-6.399423
31.367901
-19.561268
1.114351
3.702055
19.446935
-5.236237
-6.492437
108.467943
41.317021
6.296670
16.214693
15.883224
-48.714030
74.505554
-114.397914
-21.425959
93.582622
6.179003
8.349184
66.624810
1.886416
-9.759674
-0.822001
29.808923
29.661961
35.218196
4.366791
-3.155024
10.575024
1.996937
29.059070
13.417252
-65.584944
-21.711827
30.377206
-9.334534
-83.634723
5.863695
-6.178546
-7.421155
60.960682
8.531789
-80.912942
-48.661814
91.284408
12.622572
-11.471401
124.726439
94.191860
-8.770771
89.802294
-78.811288
-56.886185
-23.257568
-13.278355
-32.728387
-5.621740
-52.733810
10.125456
-84.694485
43.184942
24.365031
-47.800283
41.111107
-0.876631
102.599087
28.712458
-44.309549
5.371297
-3.381126
-2.760024
23.851111
-74.458334
52.187487
-6.814258
121.438416
23.257614
29.833088
105.231622
-3.447577
-83.193096
-49.275399
7.784123
21.665064
-91.579531
28.040958
-116.413858
-4.725612
60.350430
-81.204499
-0.974301
-13.874182
-56.733701
82.599007
-36.593037
-5.262222
44.258097
-17.597111
3.723839
-7.705193
21.501227
23.372268
-11.042249
-11.390369
77.970935
-2.408439
-13.833429
-25.876767
-3.346855
-60.036887
72.976066
106.108838
-56.453679
46.260785
11.646817
4.483030
9.583578
1.021128
30.406080
57.867445
54.471441
-42.053939
56.448973
-10.510561
4.641570
-1.885707
28.251090
-35.873794
43.964717
-66.369945
28.758826
-30.711392
77.129244
-9.188577
15.444495
34.552168
35.944535
84.643571
-153.193662
102.131094
7.182871
-197.864814
7.868908
31.419806
-0.224117
-33.929504
6.309644
110.294654
199.402074
-66.434700
-254.422342
30.364664
0.546077
-20.688831
53.468217
79.055200
54.083557
104.282022
12.219611
22.101691
0.282815
125.366142
-35.542963
-111.844928
-8.667270
-100.184194
-10.034102
-64.439824
-99.131034
20.472076
-108.311581
10.960699
33.122030
-5.604171
9.055702
-25.139993
14.999830
-107.134252
-205.799506
-23.826547
8.813999
2.203771
116.544855
-162.759786
165.257924
167.598170
30.307671
-2.476325
21.360417
82.260639
6.704697
67.577902
-158.757623
-1.313577
-47.588446
-40.378585
-31.633390
-21.065638
3.900818
21.985429
134.053908
6.398469
-60.494806
-4.660315
-58.823994
99.086838
-53.450729
171.500275
31.928743
-2.728737
222.941796
145.432975
-27.021554
-31.122780
21.262010
-27.506818
57.064004
116.774252
21.980544
13.796838
-177.708630
23.272967
28.028287
17.404232
6.872490
-209.057539
-20.686078
-27.114244
57.465469
-15.906715
16.157358
-49.487040
18.128771
88.423534
-84.491781
16.340071
-129.671156
-94.325705
172.232056
17.602123
-128.168349
25.530309
-14.877889
93.216594
-0.702225
3.937836
-0.372227
71.227668
5.754379
95.602765
177.654700
-34.113305
-83.272551
24.896023
-4.013461
-28.352428
-124.084675
88.537279
-1.269728
52.442933
-63.743694
130.293581
0.350571
3.015176
-118.762090
30.431478
-77.646384
-122.099787
76.867835
86.441597
-159.938885
8.887276
16.126139
62.780369
24.078098
-4.420025
47.422232
18.785007
23.491835
67.693605
-57.302506
96.638578
-5.394688
-86.318314
20.994958
-45.057066
-114.023975
-51.455732
-325.863833
-167.848258
18.526053
-38.924674
-84.725373
153.021997
2.711791
191.211459
-38.895233
134.851439
51.566160
77.118168
-23.327716
46.730100
105.549526
11.271865
-116.732543
-21.067700
22.364138
13.689314
-3.401457
-1.306167
-12.110393
-63.710366
418.459508
177.041369
173.883824
-5.516950
44.002654
-179.068220
-16.191618
8.523446
-115.701949
94.051330
-250.678710
70.169084
158.163711
1.171657
-73.266672
41.687821
8.689947
-7.143683
-0.559056
5.601097
-35.983549
-29.229603
-5.513957
-68.299526
-203.539324
-18.248198
-59.276779
-13.568799
-10.090609
120.746290
-111.997845
133.758034
38.418306
-10.762831
312.290525
-173.724217
-10.822821
-12.353359
100.337099
34.729555
-154.803806
236.647793
-84.310298
12.787373
-0.313218
-16.546442
-22.825346
122.458723
122.777237
33.031513
7.422385
-10.028689
107.170568
89.447536
250.110355
196.894520
-57.217783
-79.691090
38.803378
-57.032630
-120.006477
15.874093
-13.394136
-160.087467
-37.830279
193.906744
223.925807
-42.043248
-171.238925
209.235846
212.746106
38.628222
-31.178959
-134.183705
-254.971721
-59.521622
-74.529400
226.012253
74.987641
166.357868
-288.729934
-210.717973
-162.940705
58.194452
-434.819029
23.642711
-21.917067
80.857360
-160.593238
62.669243
109.376033
240.355080
-215.197252
-160.828315
-42.267523
74.103889
-81.014238
10.959151
-197.799863
112.547418
-69.782313
29.044438
-143.168417
-46.065268
-46.261815
-20.950362
137.312102
-141.795157
100.798802
-205.607342
-104.997702
272.608013
16.284800
90.838969
0.719931
314.237866
-322.105726
-34.156852
40.664653
-114.205193
99.453693
93.507544
43.610164
51.683052
-32.056038
-66.287412
0.142191
-47.706734
3.410097
-2.252008
73.824033
-139.571197
49.824033
-107.255744
-157.693819
-103.756717
152.242315
0.653268
-21.663491
132.936655
206.997270
-206.966827
0.126743
11.614023
-26.261284
-41.838581
1.554884
-48.527139
-304.756279
-312.437743
23.464673
188.349761
-9.159962
-65.916895
-195.148786
-17.414499
-66.116524
51.085569
-89.263223
106.364302
183.851143
-5.447516
-481.210822
-0.043261
10.661003
0.319651
-14.979730
216.714807
94.726817
203.456893
-26.291589
-25.594992
-15.230145
-29.218805
-41.253844
264.103034
32.947115
-105.444503
-129.255074
309.014326
-320.281800
381.784376
95.307296
0.311921
-49.365934
-36.243402
-26.690435
5.971698
360.889654
17.802916
5.666386
57.669796
-46.368295
161.243500
66.123422
19.194640
20.750631
117.349212
-209.596649
-357.411148
29.288914
269.128161
-118.695547
-0.772680
-28.788482
-132.704952
-91.083984
21.676326
39.979553
-175.891547
-61.182454
-241.298355
80.000536
158.827214
-279.808484
7.216794
-183.733271
260.080933
40.832073
-188.377047
-55.080883
0.080601
85.350832
42.199615
201.119081
-67.574272
116.163923
-168.173851
3.237192
188.396181
-48.868017
-82.972125
20.935921
-292.799040
-23.560259
31.087010
-15.076104
29.125143
-118.396068
-294.309256
-31.939936
85.483532
-115.168530
-39.258539
204.886029
-29.373566
127.016911
-95.457765
348.959212
129.294775
-34.920089
-6.807495
99.232502
43.150570
-54.323240
-0.108361
35.063007
-259.739732
98.542806
7.072214
151.987150
20.678693
-171.951187
-95.211180
-7.213398
-45.175829
-48.865447
100.936638
-67.233223
192.094884
83.667049
59.797863
-13.169545
62.140162
314.892784
-372.873318
-351.857174
59.025163
13.773658
-307.376481
0.691506
71.824431
81.172609
354.182899
108.121765
-112.758745
14.188684
-426.140935
622.484547
-127.425952
-107.078045
54.359188
132.929117
-35.703145
327.016295
138.718932
17.169869
12.640430
-17.826797
17.614556
57.376751
1.570061
-381.663087
71.417366
214.887858
-43.827583
9.321610
-28.928179
-18.318423
50.612139
-188.403664
-104.788399
166.386341
106.423511
-442.398531
-13.710680
13.978666
-213.103229
31.304308
-297.170505
-126.748520
12.840165
-31.388834
3.528359
-243.953019
133.414186
75.515916
-168.519816
-57.252108
23.400852
0.448831
-0.705910
239.263900
469.185628
-40.653431
-206.589882
14.196546
139.325458
-160.847205
209.146952
-120.845724
407.238851
-214.118455
-48.193557
161.866883
-108.785496
-153.891672
31.784931
-111.528688
123.243980
-9.220323
-223.013025
-119.513495
-348.365283
172.341698
-145.554284
174.665341
15.869095
-298.400909
-201.938461
-250.370284
4.835302
-84.792151
2.432560
9.604335
166.784866
-730.032476
85.827047
-28.967021
-34.406184
321.079112
223.638210
-53.463395
-16.347188
153.383983
-220.276800
-152.008839
-127.973255
-51.474216
-58.669983
-332.600112
-2.399333
-78.002106
438.825322
58.739915
230.746852
-297.795984
-101.960087
-89.652797
-215.478454
269.240365
264.347224
-173.112913
394.236446
-124.879867
7.308928
119.513302
-30.231942
54.186115
152.703102
-79.704180
-254.949467
525.621485
2.581157
-57.451409
9.905999
93.251116
66.621801
425.823818
4.695108
251.618392
-20.103419
180.692151
-101.148921
-360.558983
-100.414553
-10.559057
-41.249579
203.800453
153.087485
62.853324
-38.670842
364.059081
201.011909
260.070276
-28.588061
500.552032
-161.961225
187.535378
46.265227
-381.826077
158.749081
-294.366434
66.109152
486.608119
170.007554
201.302476
223.537072
37.817274
-212.815635
-115.194275
-533.376421
358.172905
309.419186
-429.367789
-68.272966
-5.023785
271.391063
188.234088
556.670296
101.960814
199.476070
429.709276
471.732486
97.313705
10.551380
-144.794228
-8.041153
209.212845
-126.838432
-46.984243
-19.487020
129.313306
353.048506
48.746674
192.728086
-10.590688
197.876952
-1.522151
-232.902331
-28.842325
242.370413
14.837831
90.362322
4.170513
-49.746757
575.219978
81.262321
57.829125
77.083290
-92.269099
-133.816698
197.249284
-146.164052
-37.684637
-18.915835
-8.555347
-159.066380
284.768886
28.619176
3.270409
419.487964
-99.378689
86.071007
521.411307
235.026860
-92.007420
-52.745690
192.889694
219.275217
-276.417454
197.225813
302.573817
-72.578099
-316.284201
147.341889
-106.063420
-192.827830
-6.525690
135.323864
-84.972973
282.332533
125.732990
20.108016
-393.188063
106.113224
-339.377537
252.879045
38.706152
-509.780097
35.861194
-31.336020
-371.557017
337.592393
-300.322552
-110.003210
27.567715
10.958597
-446.905509
-32.216299
70.425720
307.917158
310.672686
-583.940708
-37.311217
224.364765
-554.619480
134.484766
-536.915443
-192.420899
-151.564758
171.154982
237.678174
156.933359
243.266093
-256.390812
-25.575323
14.049579
-435.386285
62.851174
-231.216515
140.517980
205.182611
212.193113
34.858326
216.472246
462.649236
9.671140
-101.452797
13.300632
1.839593
-120.571867
-437.902600
92.590758
-273.701524
202.038828
-37.045278
-33.764951
206.600678
